1454 1454
1 1.000000 2 1.000000 613 1.000000 -1
1 1.000000 2 1.000000 391 1.000000 -1
3 1.000000 5 1.000000 -1
4 1.000000 5 1.000000 130 1.000000 201 1.000000 -1
3 1.000000 4 1.000000 5 1.000000 6 1.000000 -1
5 1.000000 6 1.000000 -1
7 1.000000 89 1.000000 130 1.000000 -1
8 1.000000 9 1.000000 -1
8 1.000000 9 1.000000 10 1.000000 -1
9 1.000000 10 1.000000 11 1.000000 12 1.000000 28 1.000000 74 1.000000 -1
10 1.000000 11 1.000000 132 1.000000 -1
10 1.000000 12 1.000000 -1
13 1.000000 98 1.000000 200 1.000000 -1
14 1.000000 15 1.000000 186 1.000000 -1
14 1.000000 15 1.000000 16 1.000000 132 1.000000 -1
15 1.000000 16 1.000000 196 1.000000 -1
17 1.000000 75 1.000000 88 1.000000 119 1.000000 135 1.000000 -1
18 1.000000 67 1.000000 135 1.000000 -1
19 1.000000 89 1.000000 127 1.000000 133 1.000000 146 1.000000 -1
20 1.000000 42 1.000000 138 1.000000 -1
21 1.000000 50 1.000000 98 1.000000 -1
22 1.000000 23 1.000000 -1
22 1.000000 23 1.000000 24 1.000000 92 1.000000 -1
23 1.000000 24 1.000000 25 1.000000 62 1.000000 152 1.000000 153 1.000000 -1
24 1.000000 25 1.000000 162 1.000000 -1
26 1.000000 27 1.000000 47 1.000000 118 1.000000 -1
26 1.000000 27 1.000000 119 1.000000 -1
10 1.000000 28 1.000000 34 1.000000 -1
29 1.000000 92 1.000000 199 1.000000 -1
30 1.000000 31 1.000000 32 1.000000 33 1.000000 -1
30 1.000000 31 1.000000 33 1.000000 43 1.000000 74 1.000000 129 1.000000 137 1.000000 -1
30 1.000000 32 1.000000 -1
30 1.000000 31 1.000000 33 1.000000 103 1.000000 -1
28 1.000000 34 1.000000 120 1.000000 -1
35 1.000000 69 1.000000 96 1.000000 181 1.000000 -1
36 1.000000 37 1.000000 -1
36 1.000000 37 1.000000 76 1.000000 100 1.000000 136 1.000000 -1
38 1.000000 39 1.000000 40 1.000000 84 1.000000 192 1.000000 -1
38 1.000000 39 1.000000 -1
38 1.000000 40 1.000000 -1
41 1.000000 47 1.000000 77 1.000000 148 1.000000 -1
20 1.000000 42 1.000000 135 1.000000 -1
31 1.000000 43 1.000000 44 1.000000 -1
43 1.000000 44 1.000000 163 1.000000 -1
45 1.000000 69 1.000000 201 1.000000 -1
46 1.000000 47 1.000000 -1
26 1.000000 41 1.000000 46 1.000000 47 1.000000 48 1.000000 49 1.000000 77 1.000000 118 1.000000 -1
47 1.000000 48 1.000000 119 1.000000 150 1.000000 -1
47 1.000000 49 1.000000 -1
21 1.000000 50 1.000000 163 1.000000 -1
51 1.000000 54 1.000000 55 1.000000 114 1.000000 183 1.000000 194 1.000000 -1
52 1.000000 55 1.000000 -1
53 1.000000 55 1.000000 -1
51 1.000000 54 1.000000 -1
51 1.000000 52 1.000000 53 1.000000 55 1.000000 -1
56 1.000000 61 1.000000 -1
57 1.000000 61 1.000000 -1
58 1.000000 61 1.000000 -1
59 1.000000 62 1.000000 -1
60 1.000000 63 1.000000 -1
56 1.000000 57 1.000000 58 1.000000 61 1.000000 62 1.000000 64 1.000000 514 1.000000 1331 1.000000 -1
24 1.000000 59 1.000000 61 1.000000 62 1.000000 63 1.000000 558 1.000000 572 1.000000 1403 1.000000 -1
60 1.000000 62 1.000000 63 1.000000 106 1.000000 -1
61 1.000000 64 1.000000 -1
65 1.000000 80 1.000000 107 1.000000 -1
66 1.000000 67 1.000000 207 1.000000 -1
18 1.000000 66 1.000000 67 1.000000 88 1.000000 -1
68 1.000000 93 1.000000 -1
35 1.000000 45 1.000000 69 1.000000 -1
70 1.000000 71 1.000000 80 1.000000 110 1.000000 182 1.000000 -1
70 1.000000 71 1.000000 187 1.000000 -1
72 1.000000 73 1.000000 197 1.000000 524 1.000000 -1
72 1.000000 73 1.000000 99 1.000000 -1
10 1.000000 31 1.000000 74 1.000000 108 1.000000 -1
17 1.000000 75 1.000000 135 1.000000 -1
37 1.000000 76 1.000000 156 1.000000 -1
41 1.000000 47 1.000000 77 1.000000 -1
78 1.000000 79 1.000000 -1
78 1.000000 79 1.000000 100 1.000000 463 1.000000 -1
65 1.000000 70 1.000000 80 1.000000 81 1.000000 82 1.000000 110 1.000000 159 1.000000 -1
80 1.000000 81 1.000000 -1
80 1.000000 82 1.000000 -1
83 1.000000 84 1.000000 86 1.000000 121 1.000000 174 1.000000 190 1.000000 194 1.000000 -1
38 1.000000 83 1.000000 84 1.000000 85 1.000000 -1
84 1.000000 85 1.000000 -1
83 1.000000 86 1.000000 -1
87 1.000000 131 1.000000 -1
17 1.000000 67 1.000000 88 1.000000 150 1.000000 -1
7 1.000000 19 1.000000 89 1.000000 90 1.000000 133 1.000000 169 1.000000 -1
89 1.000000 90 1.000000 91 1.000000 -1
90 1.000000 91 1.000000 -1
23 1.000000 29 1.000000 92 1.000000 -1
68 1.000000 93 1.000000 95 1.000000 130 1.000000 201 1.000000 -1
94 1.000000 95 1.000000 101 1.000000 -1
93 1.000000 94 1.000000 95 1.000000 -1
35 1.000000 96 1.000000 127 1.000000 139 1.000000 -1
97 1.000000 165 1.000000 186 1.000000 189 1.000000 -1
13 1.000000 21 1.000000 98 1.000000 137 1.000000 173 1.000000 -1
73 1.000000 99 1.000000 558 1.000000 574 1.000000 -1
37 1.000000 79 1.000000 100 1.000000 101 1.000000 451 1.000000 458 1.000000 1207 1.000000 -1
94 1.000000 100 1.000000 101 1.000000 -1
102 1.000000 103 1.000000 104 1.000000 -1
33 1.000000 102 1.000000 103 1.000000 145 1.000000 187 1.000000 -1
102 1.000000 104 1.000000 -1
105 1.000000 144 1.000000 147 1.000000 -1
63 1.000000 106 1.000000 111 1.000000 202 1.000000 1175 1.000000 -1
65 1.000000 107 1.000000 144 1.000000 159 1.000000 -1
74 1.000000 108 1.000000 155 1.000000 -1
109 1.000000 110 1.000000 -1
70 1.000000 80 1.000000 109 1.000000 110 1.000000 -1
106 1.000000 111 1.000000 112 1.000000 113 1.000000 202 1.000000 354 1.000000 -1
111 1.000000 112 1.000000 -1
111 1.000000 113 1.000000 -1
51 1.000000 114 1.000000 117 1.000000 157 1.000000 -1
115 1.000000 117 1.000000 -1
116 1.000000 117 1.000000 -1
114 1.000000 115 1.000000 116 1.000000 117 1.000000 -1
26 1.000000 47 1.000000 118 1.000000 119 1.000000 -1
17 1.000000 27 1.000000 48 1.000000 118 1.000000 119 1.000000 -1
34 1.000000 120 1.000000 189 1.000000 -1
83 1.000000 121 1.000000 124 1.000000 157 1.000000 167 1.000000 168 1.000000 190 1.000000 -1
122 1.000000 124 1.000000 -1
123 1.000000 124 1.000000 -1
121 1.000000 122 1.000000 123 1.000000 124 1.000000 -1
125 1.000000 144 1.000000 188 1.000000 -1
126 1.000000 128 1.000000 -1
19 1.000000 96 1.000000 127 1.000000 128 1.000000 151 1.000000 173 1.000000 -1
126 1.000000 127 1.000000 128 1.000000 -1
31 1.000000 129 1.000000 165 1.000000 172 1.000000 189 1.000000 -1
4 1.000000 7 1.000000 93 1.000000 130 1.000000 -1
87 1.000000 131 1.000000 132 1.000000 -1
11 1.000000 15 1.000000 131 1.000000 132 1.000000 -1
19 1.000000 89 1.000000 133 1.000000 -1
134 1.000000 135 1.000000 -1
17 1.000000 18 1.000000 42 1.000000 75 1.000000 134 1.000000 135 1.000000 136 1.000000 -1
37 1.000000 135 1.000000 136 1.000000 1181 1.000000 -1
31 1.000000 98 1.000000 137 1.000000 138 1.000000 -1
20 1.000000 137 1.000000 138 1.000000 142 1.000000 143 1.000000 -1
96 1.000000 139 1.000000 141 1.000000 -1
140 1.000000 142 1.000000 -1
139 1.000000 141 1.000000 142 1.000000 143 1.000000 -1
138 1.000000 140 1.000000 141 1.000000 142 1.000000 -1
138 1.000000 141 1.000000 143 1.000000 -1
105 1.000000 107 1.000000 125 1.000000 144 1.000000 -1
103 1.000000 145 1.000000 146 1.000000 151 1.000000 154 1.000000 201 1.000000 1325 1.000000 -1
19 1.000000 145 1.000000 146 1.000000 151 1.000000 187 1.000000 201 1.000000 -1
105 1.000000 147 1.000000 182 1.000000 -1
41 1.000000 148 1.000000 149 1.000000 150 1.000000 -1
148 1.000000 149 1.000000 -1
48 1.000000 88 1.000000 148 1.000000 150 1.000000 205 1.000000 -1
127 1.000000 145 1.000000 146 1.000000 151 1.000000 152 1.000000 153 1.000000 181 1.000000 -1
24 1.000000 151 1.000000 152 1.000000 -1
24 1.000000 151 1.000000 153 1.000000 -1
145 1.000000 154 1.000000 156 1.000000 199 1.000000 -1
108 1.000000 155 1.000000 182 1.000000 -1
76 1.000000 154 1.000000 156 1.000000 -1
114 1.000000 121 1.000000 157 1.000000 158 1.000000 -1
157 1.000000 158 1.000000 -1
80 1.000000 107 1.000000 159 1.000000 160 1.000000 -1
159 1.000000 160 1.000000 -1
161 1.000000 165 1.000000 185 1.000000 -1
25 1.000000 162 1.000000 163 1.000000 165 1.000000 -1
44 1.000000 50 1.000000 162 1.000000 163 1.000000 164 1.000000 167 1.000000 172 1.000000 -1
163 1.000000 164 1.000000 -1
97 1.000000 129 1.000000 161 1.000000 162 1.000000 165 1.000000 166 1.000000 168 1.000000 -1
165 1.000000 166 1.000000 -1
121 1.000000 163 1.000000 167 1.000000 -1
121 1.000000 165 1.000000 168 1.000000 -1
89 1.000000 169 1.000000 170 1.000000 187 1.000000 -1
169 1.000000 170 1.000000 171 1.000000 -1
170 1.000000 171 1.000000 -1
129 1.000000 163 1.000000 172 1.000000 -1
98 1.000000 127 1.000000 173 1.000000 185 1.000000 -1
83 1.000000 174 1.000000 179 1.000000 180 1.000000 -1
175 1.000000 179 1.000000 196 1.000000 203 1.000000 -1
176 1.000000 180 1.000000 -1
177 1.000000 180 1.000000 -1
178 1.000000 179 1.000000 -1
174 1.000000 175 1.000000 178 1.000000 179 1.000000 -1
174 1.000000 176 1.000000 177 1.000000 180 1.000000 -1
35 1.000000 151 1.000000 181 1.000000 -1
70 1.000000 147 1.000000 155 1.000000 182 1.000000 188 1.000000 -1
51 1.000000 183 1.000000 184 1.000000 194 1.000000 -1
183 1.000000 184 1.000000 -1
161 1.000000 173 1.000000 185 1.000000 -1
14 1.000000 97 1.000000 186 1.000000 -1
71 1.000000 103 1.000000 146 1.000000 169 1.000000 187 1.000000 -1
125 1.000000 182 1.000000 188 1.000000 -1
97 1.000000 120 1.000000 129 1.000000 189 1.000000 -1
83 1.000000 121 1.000000 190 1.000000 193 1.000000 -1
191 1.000000 193 1.000000 -1
38 1.000000 192 1.000000 193 1.000000 -1
190 1.000000 191 1.000000 192 1.000000 193 1.000000 -1
51 1.000000 83 1.000000 183 1.000000 194 1.000000 198 1.000000 -1
195 1.000000 198 1.000000 -1
16 1.000000 175 1.000000 196 1.000000 197 1.000000 198 1.000000 -1
72 1.000000 196 1.000000 197 1.000000 -1
194 1.000000 195 1.000000 196 1.000000 198 1.000000 -1
29 1.000000 154 1.000000 199 1.000000 -1
13 1.000000 200 1.000000 -1
4 1.000000 45 1.000000 93 1.000000 145 1.000000 146 1.000000 201 1.000000 202 1.000000 -1
106 1.000000 111 1.000000 201 1.000000 202 1.000000 203 1.000000 -1
175 1.000000 202 1.000000 203 1.000000 -1
204 1.000000 205 1.000000 206 1.000000 207 1.000000 -1
150 1.000000 204 1.000000 205 1.000000 -1
204 1.000000 206 1.000000 -1
66 1.000000 204 1.000000 207 1.000000 -1
208 1.000000 209 1.000000 278 1.000000 -1
208 1.000000 209 1.000000 241 1.000000 252 1.000000 -1
210 1.000000 247 1.000000 267 1.000000 277 1.000000 -1
211 1.000000 216 1.000000 242 1.000000 -1
212 1.000000 272 1.000000 285 1.000000 -1
213 1.000000 239 1.000000 257 1.000000 -1
214 1.000000 218 1.000000 265 1.000000 -1
215 1.000000 216 1.000000 223 1.000000 249 1.000000 -1
211 1.000000 215 1.000000 216 1.000000 217 1.000000 -1
216 1.000000 217 1.000000 -1
214 1.000000 218 1.000000 257 1.000000 261 1.000000 281 1.000000 -1
219 1.000000 241 1.000000 252 1.000000 -1
220 1.000000 252 1.000000 265 1.000000 -1
221 1.000000 222 1.000000 223 1.000000 -1
221 1.000000 222 1.000000 -1
215 1.000000 221 1.000000 223 1.000000 225 1.000000 281 1.000000 -1
224 1.000000 253 1.000000 263 1.000000 -1
223 1.000000 225 1.000000 281 1.000000 -1
226 1.000000 244 1.000000 274 1.000000 -1
227 1.000000 235 1.000000 237 1.000000 278 1.000000 -1
228 1.000000 229 1.000000 244 1.000000 278 1.000000 -1
228 1.000000 229 1.000000 -1
230 1.000000 286 1.000000 -1
231 1.000000 232 1.000000 233 1.000000 234 1.000000 286 1.000000 -1
231 1.000000 232 1.000000 -1
231 1.000000 233 1.000000 -1
231 1.000000 234 1.000000 -1
227 1.000000 235 1.000000 237 1.000000 245 1.000000 278 1.000000 -1
236 1.000000 266 1.000000 270 1.000000 -1
227 1.000000 235 1.000000 237 1.000000 278 1.000000 -1
238 1.000000 239 1.000000 254 1.000000 -1
213 1.000000 238 1.000000 239 1.000000 281 1.000000 -1
240 1.000000 241 1.000000 254 1.000000 -1
209 1.000000 219 1.000000 240 1.000000 241 1.000000 242 1.000000 243 1.000000 256 1.000000 282 1.000000 -1
211 1.000000 241 1.000000 242 1.000000 -1
241 1.000000 243 1.000000 250 1.000000 258 1.000000 268 1.000000 643 1.000000 -1
226 1.000000 228 1.000000 244 1.000000 278 1.000000 -1
235 1.000000 245 1.000000 246 1.000000 -1
245 1.000000 246 1.000000 -1
210 1.000000 247 1.000000 248 1.000000 264 1.000000 1445 1.000000 -1
247 1.000000 248 1.000000 -1
215 1.000000 249 1.000000 250 1.000000 251 1.000000 271 1.000000 272 1.000000 -1
243 1.000000 249 1.000000 250 1.000000 258 1.000000 286 1.000000 -1
249 1.000000 251 1.000000 -1
209 1.000000 219 1.000000 220 1.000000 252 1.000000 -1
224 1.000000 253 1.000000 264 1.000000 1430 1.000000 -1
238 1.000000 240 1.000000 254 1.000000 255 1.000000 -1
254 1.000000 255 1.000000 -1
241 1.000000 256 1.000000 261 1.000000 -1
213 1.000000 218 1.000000 257 1.000000 258 1.000000 261 1.000000 265 1.000000 269 1.000000 -1
243 1.000000 250 1.000000 257 1.000000 258 1.000000 268 1.000000 -1
259 1.000000 260 1.000000 -1
259 1.000000 260 1.000000 268 1.000000 -1
218 1.000000 256 1.000000 257 1.000000 261 1.000000 -1
262 1.000000 263 1.000000 -1
224 1.000000 262 1.000000 263 1.000000 -1
247 1.000000 253 1.000000 264 1.000000 604 1.000000 -1
214 1.000000 220 1.000000 257 1.000000 265 1.000000 -1
236 1.000000 266 1.000000 267 1.000000 -1
210 1.000000 266 1.000000 267 1.000000 268 1.000000 -1
243 1.000000 258 1.000000 260 1.000000 267 1.000000 268 1.000000 -1
257 1.000000 269 1.000000 282 1.000000 -1
236 1.000000 270 1.000000 271 1.000000 273 1.000000 -1
249 1.000000 270 1.000000 271 1.000000 -1
212 1.000000 249 1.000000 272 1.000000 -1
270 1.000000 273 1.000000 276 1.000000 -1
226 1.000000 274 1.000000 275 1.000000 -1
274 1.000000 275 1.000000 -1
273 1.000000 276 1.000000 277 1.000000 283 1.000000 1435 1.000000 -1
210 1.000000 276 1.000000 277 1.000000 1436 1.000000 -1
208 1.000000 227 1.000000 228 1.000000 235 1.000000 237 1.000000 244 1.000000 278 1.000000 279 1.000000 -1
278 1.000000 279 1.000000 280 1.000000 -1
279 1.000000 280 1.000000 -1
218 1.000000 223 1.000000 225 1.000000 239 1.000000 281 1.000000 -1
241 1.000000 269 1.000000 282 1.000000 -1
276 1.000000 283 1.000000 284 1.000000 1441 1.000000 -1
283 1.000000 284 1.000000 -1
212 1.000000 285 1.000000 286 1.000000 287 1.000000 -1
230 1.000000 231 1.000000 250 1.000000 285 1.000000 286 1.000000 -1
285 1.000000 287 1.000000 -1
288 1.000000 289 1.000000 290 1.000000 315 1.000000 327 1.000000 328 1.000000 -1
288 1.000000 289 1.000000 298 1.000000 326 1.000000 -1
288 1.000000 290 1.000000 291 1.000000 300 1.000000 309 1.000000 328 1.000000 1389 1.000000 -1
290 1.000000 291 1.000000 -1
292 1.000000 329 1.000000 -1
293 1.000000 334 1.000000 1378 1.000000 -1
294 1.000000 318 1.000000 -1
295 1.000000 296 1.000000 -1
295 1.000000 296 1.000000 297 1.000000 299 1.000000 311 1.000000 329 1.000000 -1
296 1.000000 297 1.000000 305 1.000000 308 1.000000 325 1.000000 -1
289 1.000000 298 1.000000 300 1.000000 302 1.000000 -1
296 1.000000 299 1.000000 307 1.000000 337 1.000000 -1
290 1.000000 298 1.000000 300 1.000000 320 1.000000 1354 1.000000 1420 1.000000 -1
301 1.000000 302 1.000000 1021 1.000000 -1
298 1.000000 301 1.000000 302 1.000000 303 1.000000 304 1.000000 321 1.000000 1376 1.000000 -1
302 1.000000 303 1.000000 -1
302 1.000000 304 1.000000 -1
297 1.000000 305 1.000000 306 1.000000 312 1.000000 332 1.000000 336 1.000000 -1
305 1.000000 306 1.000000 -1
299 1.000000 307 1.000000 308 1.000000 330 1.000000 -1
297 1.000000 307 1.000000 308 1.000000 -1
290 1.000000 309 1.000000 310 1.000000 320 1.000000 334 1.000000 -1
309 1.000000 310 1.000000 -1
296 1.000000 311 1.000000 330 1.000000 -1
305 1.000000 312 1.000000 313 1.000000 665 1.000000 -1
312 1.000000 313 1.000000 -1
314 1.000000 335 1.000000 682 1.000000 -1
288 1.000000 315 1.000000 316 1.000000 317 1.000000 327 1.000000 339 1.000000 -1
315 1.000000 316 1.000000 325 1.000000 -1
315 1.000000 317 1.000000 -1
294 1.000000 318 1.000000 319 1.000000 324 1.000000 329 1.000000 339 1.000000 340 1.000000 -1
318 1.000000 319 1.000000 -1
300 1.000000 309 1.000000 320 1.000000 321 1.000000 -1
302 1.000000 320 1.000000 321 1.000000 1376 1.000000 -1
322 1.000000 323 1.000000 336 1.000000 -1
322 1.000000 323 1.000000 792 1.000000 -1
318 1.000000 324 1.000000 -1
297 1.000000 316 1.000000 325 1.000000 326 1.000000 -1
289 1.000000 325 1.000000 326 1.000000 -1
288 1.000000 315 1.000000 327 1.000000 -1
288 1.000000 290 1.000000 328 1.000000 -1
292 1.000000 296 1.000000 318 1.000000 329 1.000000 337 1.000000 -1
307 1.000000 311 1.000000 330 1.000000 331 1.000000 335 1.000000 -1
330 1.000000 331 1.000000 -1
305 1.000000 332 1.000000 333 1.000000 711 1.000000 -1
332 1.000000 333 1.000000 -1
293 1.000000 309 1.000000 334 1.000000 -1
314 1.000000 330 1.000000 335 1.000000 336 1.000000 -1
305 1.000000 322 1.000000 335 1.000000 336 1.000000 -1
299 1.000000 329 1.000000 337 1.000000 338 1.000000 -1
337 1.000000 338 1.000000 -1
315 1.000000 318 1.000000 339 1.000000 -1
318 1.000000 340 1.000000 -1
341 1.000000 342 1.000000 356 1.000000 363 1.000000 391 1.000000 -1
341 1.000000 342 1.000000 -1
343 1.000000 352 1.000000 370 1.000000 376 1.000000 -1
344 1.000000 352 1.000000 -1
345 1.000000 346 1.000000 375 1.000000 -1
345 1.000000 346 1.000000 -1
347 1.000000 388 1.000000 -1
348 1.000000 349 1.000000 364 1.000000 369 1.000000 377 1.000000 379 1.000000 -1
348 1.000000 349 1.000000 -1
350 1.000000 351 1.000000 353 1.000000 396 1.000000 -1
350 1.000000 351 1.000000 -1
343 1.000000 344 1.000000 352 1.000000 374 1.000000 -1
350 1.000000 353 1.000000 354 1.000000 459 1.000000 -1
111 1.000000 353 1.000000 354 1.000000 397 1.000000 1175 1.000000 -1
355 1.000000 356 1.000000 361 1.000000 362 1.000000 -1
341 1.000000 355 1.000000 356 1.000000 363 1.000000 -1
357 1.000000 358 1.000000 363 1.000000 -1
357 1.000000 358 1.000000 -1
359 1.000000 361 1.000000 -1
360 1.000000 362 1.000000 -1
355 1.000000 359 1.000000 361 1.000000 362 1.000000 -1
355 1.000000 360 1.000000 361 1.000000 362 1.000000 -1
341 1.000000 356 1.000000 357 1.000000 363 1.000000 377 1.000000 384 1.000000 391 1.000000 393 1.000000 -1
348 1.000000 364 1.000000 369 1.000000 379 1.000000 -1
365 1.000000 368 1.000000 387 1.000000 -1
366 1.000000 367 1.000000 385 1.000000 -1
366 1.000000 367 1.000000 -1
365 1.000000 368 1.000000 -1
348 1.000000 364 1.000000 369 1.000000 380 1.000000 -1
343 1.000000 370 1.000000 371 1.000000 372 1.000000 373 1.000000 374 1.000000 -1
370 1.000000 371 1.000000 396 1.000000 -1
370 1.000000 372 1.000000 379 1.000000 -1
370 1.000000 373 1.000000 396 1.000000 -1
352 1.000000 370 1.000000 374 1.000000 375 1.000000 388 1.000000 -1
345 1.000000 374 1.000000 375 1.000000 -1
343 1.000000 376 1.000000 381 1.000000 386 1.000000 387 1.000000 -1
348 1.000000 363 1.000000 377 1.000000 378 1.000000 380 1.000000 382 1.000000 393 1.000000 -1
377 1.000000 378 1.000000 397 1.000000 -1
348 1.000000 364 1.000000 372 1.000000 379 1.000000 380 1.000000 -1
369 1.000000 377 1.000000 379 1.000000 380 1.000000 -1
376 1.000000 381 1.000000 383 1.000000 -1
377 1.000000 382 1.000000 383 1.000000 -1
381 1.000000 382 1.000000 383 1.000000 392 1.000000 -1
363 1.000000 384 1.000000 390 1.000000 -1
366 1.000000 385 1.000000 386 1.000000 390 1.000000 -1
376 1.000000 385 1.000000 386 1.000000 389 1.000000 -1
365 1.000000 376 1.000000 387 1.000000 -1
347 1.000000 374 1.000000 388 1.000000 -1
386 1.000000 389 1.000000 390 1.000000 -1
384 1.000000 385 1.000000 389 1.000000 390 1.000000 -1
2 1.000000 341 1.000000 363 1.000000 391 1.000000 1229 1.000000 -1
383 1.000000 392 1.000000 393 1.000000 394 1.000000 395 1.000000 -1
363 1.000000 377 1.000000 392 1.000000 393 1.000000 -1
392 1.000000 394 1.000000 -1
392 1.000000 395 1.000000 -1
350 1.000000 371 1.000000 373 1.000000 396 1.000000 397 1.000000 -1
354 1.000000 378 1.000000 396 1.000000 397 1.000000 1203 1.000000 -1
398 1.000000 399 1.000000 407 1.000000 416 1.000000 -1
398 1.000000 399 1.000000 408 1.000000 411 1.000000 417 1.000000 -1
400 1.000000 401 1.000000 404 1.000000 -1
400 1.000000 401 1.000000 -1
402 1.000000 403 1.000000 412 1.000000 426 1.000000 -1
402 1.000000 403 1.000000 404 1.000000 413 1.000000 424 1.000000 442 1.000000 -1
400 1.000000 403 1.000000 404 1.000000 417 1.000000 440 1.000000 687 1.000000 1354 1.000000 -1
405 1.000000 427 1.000000 -1
406 1.000000 407 1.000000 408 1.000000 409 1.000000 423 1.000000 -1
398 1.000000 406 1.000000 407 1.000000 1031 1.000000 -1
399 1.000000 406 1.000000 408 1.000000 411 1.000000 421 1.000000 1032 1.000000 -1
406 1.000000 409 1.000000 -1
410 1.000000 411 1.000000 431 1.000000 -1
399 1.000000 408 1.000000 410 1.000000 411 1.000000 421 1.000000 430 1.000000 -1
402 1.000000 412 1.000000 413 1.000000 415 1.000000 425 1.000000 -1
403 1.000000 412 1.000000 413 1.000000 446 1.000000 -1
414 1.000000 415 1.000000 -1
412 1.000000 414 1.000000 415 1.000000 427 1.000000 -1
398 1.000000 416 1.000000 417 1.000000 424 1.000000 446 1.000000 -1
399 1.000000 404 1.000000 416 1.000000 417 1.000000 -1
418 1.000000 427 1.000000 -1
419 1.000000 421 1.000000 -1
420 1.000000 421 1.000000 -1
408 1.000000 411 1.000000 419 1.000000 420 1.000000 421 1.000000 -1
422 1.000000 428 1.000000 1339 1.000000 -1
406 1.000000 423 1.000000 -1
403 1.000000 416 1.000000 424 1.000000 434 1.000000 -1
412 1.000000 425 1.000000 431 1.000000 432 1.000000 446 1.000000 -1
402 1.000000 426 1.000000 432 1.000000 438 1.000000 -1
405 1.000000 415 1.000000 418 1.000000 427 1.000000 428 1.000000 429 1.000000 430 1.000000 431 1.000000 432 1.000000 439 1.000000 441 1.000000 443 1.000000 -1
422 1.000000 427 1.000000 428 1.000000 -1
427 1.000000 429 1.000000 1344 1.000000 -1
411 1.000000 427 1.000000 430 1.000000 440 1.000000 -1
410 1.000000 425 1.000000 427 1.000000 431 1.000000 -1
425 1.000000 426 1.000000 427 1.000000 432 1.000000 433 1.000000 -1
432 1.000000 433 1.000000 -1
424 1.000000 434 1.000000 1387 1.000000 -1
435 1.000000 436 1.000000 437 1.000000 444 1.000000 697 1.000000 -1
435 1.000000 436 1.000000 442 1.000000 -1
435 1.000000 437 1.000000 -1
426 1.000000 438 1.000000 442 1.000000 444 1.000000 -1
427 1.000000 439 1.000000 -1
404 1.000000 430 1.000000 440 1.000000 687 1.000000 -1
427 1.000000 441 1.000000 -1
403 1.000000 436 1.000000 438 1.000000 442 1.000000 -1
427 1.000000 443 1.000000 -1
435 1.000000 438 1.000000 444 1.000000 445 1.000000 608 1.000000 -1
444 1.000000 445 1.000000 -1
413 1.000000 416 1.000000 425 1.000000 446 1.000000 -1
447 1.000000 492 1.000000 499 1.000000 -1
448 1.000000 468 1.000000 479 1.000000 -1
449 1.000000 450 1.000000 472 1.000000 477 1.000000 478 1.000000 -1
449 1.000000 450 1.000000 455 1.000000 483 1.000000 -1
100 1.000000 451 1.000000 454 1.000000 498 1.000000 -1
452 1.000000 467 1.000000 500 1.000000 -1
453 1.000000 477 1.000000 501 1.000000 -1
451 1.000000 454 1.000000 465 1.000000 480 1.000000 481 1.000000 482 1.000000 501 1.000000 -1
450 1.000000 455 1.000000 456 1.000000 457 1.000000 459 1.000000 493 1.000000 -1
455 1.000000 456 1.000000 500 1.000000 -1
455 1.000000 457 1.000000 -1
100 1.000000 458 1.000000 460 1.000000 470 1.000000 494 1.000000 497 1.000000 -1
353 1.000000 455 1.000000 459 1.000000 -1
458 1.000000 460 1.000000 471 1.000000 -1
461 1.000000 480 1.000000 493 1.000000 497 1.000000 -1
462 1.000000 469 1.000000 472 1.000000 -1
79 1.000000 463 1.000000 464 1.000000 498 1.000000 -1
463 1.000000 464 1.000000 -1
454 1.000000 465 1.000000 466 1.000000 501 1.000000 -1
465 1.000000 466 1.000000 -1
452 1.000000 467 1.000000 473 1.000000 -1
448 1.000000 468 1.000000 473 1.000000 -1
462 1.000000 469 1.000000 492 1.000000 -1
458 1.000000 470 1.000000 499 1.000000 -1
460 1.000000 471 1.000000 491 1.000000 -1
449 1.000000 462 1.000000 472 1.000000 490 1.000000 -1
467 1.000000 468 1.000000 473 1.000000 -1
474 1.000000 486 1.000000 496 1.000000 -1
475 1.000000 476 1.000000 477 1.000000 496 1.000000 -1
475 1.000000 476 1.000000 483 1.000000 492 1.000000 -1
449 1.000000 453 1.000000 475 1.000000 477 1.000000 -1
449 1.000000 478 1.000000 484 1.000000 -1
448 1.000000 479 1.000000 498 1.000000 -1
454 1.000000 461 1.000000 480 1.000000 -1
454 1.000000 481 1.000000 491 1.000000 -1
454 1.000000 482 1.000000 490 1.000000 -1
450 1.000000 476 1.000000 483 1.000000 485 1.000000 500 1.000000 -1
478 1.000000 484 1.000000 501 1.000000 -1
483 1.000000 485 1.000000 487 1.000000 488 1.000000 489 1.000000 -1
474 1.000000 486 1.000000 499 1.000000 -1
485 1.000000 487 1.000000 -1
485 1.000000 488 1.000000 -1
485 1.000000 489 1.000000 -1
472 1.000000 482 1.000000 490 1.000000 501 1.000000 -1
471 1.000000 481 1.000000 491 1.000000 493 1.000000 -1
447 1.000000 469 1.000000 476 1.000000 492 1.000000 -1
455 1.000000 461 1.000000 491 1.000000 493 1.000000 -1
458 1.000000 494 1.000000 499 1.000000 -1
495 1.000000 501 1.000000 -1
474 1.000000 475 1.000000 496 1.000000 -1
458 1.000000 461 1.000000 497 1.000000 -1
451 1.000000 463 1.000000 479 1.000000 498 1.000000 -1
447 1.000000 470 1.000000 486 1.000000 494 1.000000 499 1.000000 500 1.000000 -1
452 1.000000 456 1.000000 483 1.000000 499 1.000000 500 1.000000 -1
453 1.000000 454 1.000000 465 1.000000 484 1.000000 490 1.000000 495 1.000000 501 1.000000 -1
502 1.000000 517 1.000000 -1
503 1.000000 504 1.000000 535 1.000000 570 1.000000 573 1.000000 -1
503 1.000000 504 1.000000 -1
505 1.000000 506 1.000000 570 1.000000 574 1.000000 -1
505 1.000000 506 1.000000 545 1.000000 571 1.000000 -1
507 1.000000 508 1.000000 527 1.000000 531 1.000000 -1
507 1.000000 508 1.000000 532 1.000000 572 1.000000 -1
509 1.000000 510 1.000000 525 1.000000 544 1.000000 556 1.000000 -1
509 1.000000 510 1.000000 512 1.000000 526 1.000000 557 1.000000 -1
511 1.000000 512 1.000000 518 1.000000 -1
510 1.000000 511 1.000000 512 1.000000 531 1.000000 557 1.000000 -1
513 1.000000 565 1.000000 570 1.000000 -1
61 1.000000 514 1.000000 545 1.000000 -1
515 1.000000 516 1.000000 523 1.000000 529 1.000000 -1
515 1.000000 516 1.000000 517 1.000000 519 1.000000 -1
502 1.000000 516 1.000000 517 1.000000 519 1.000000 527 1.000000 -1
511 1.000000 518 1.000000 531 1.000000 556 1.000000 -1
516 1.000000 517 1.000000 519 1.000000 565 1.000000 -1
520 1.000000 549 1.000000 550 1.000000 559 1.000000 -1
521 1.000000 528 1.000000 535 1.000000 550 1.000000 -1
522 1.000000 535 1.000000 536 1.000000 566 1.000000 -1
515 1.000000 523 1.000000 524 1.000000 529 1.000000 -1
72 1.000000 523 1.000000 524 1.000000 -1
509 1.000000 525 1.000000 526 1.000000 561 1.000000 -1
510 1.000000 525 1.000000 526 1.000000 531 1.000000 569 1.000000 -1
507 1.000000 517 1.000000 527 1.000000 557 1.000000 -1
521 1.000000 528 1.000000 -1
515 1.000000 523 1.000000 529 1.000000 530 1.000000 -1
529 1.000000 530 1.000000 -1
507 1.000000 512 1.000000 518 1.000000 526 1.000000 531 1.000000 532 1.000000 533 1.000000 534 1.000000 556 1.000000 557 1.000000 569 1.000000 -1
508 1.000000 531 1.000000 532 1.000000 -1
531 1.000000 533 1.000000 -1
531 1.000000 534 1.000000 -1
503 1.000000 521 1.000000 522 1.000000 535 1.000000 576 1.000000 -1
522 1.000000 536 1.000000 537 1.000000 -1
536 1.000000 537 1.000000 558 1.000000 -1
538 1.000000 539 1.000000 540 1.000000 541 1.000000 -1
538 1.000000 539 1.000000 542 1.000000 543 1.000000 559 1.000000 570 1.000000 -1
538 1.000000 540 1.000000 -1
538 1.000000 541 1.000000 -1
539 1.000000 542 1.000000 -1
539 1.000000 543 1.000000 -1
509 1.000000 544 1.000000 561 1.000000 -1
506 1.000000 514 1.000000 545 1.000000 -1
546 1.000000 547 1.000000 548 1.000000 -1
546 1.000000 547 1.000000 549 1.000000 570 1.000000 -1
546 1.000000 548 1.000000 -1
520 1.000000 547 1.000000 549 1.000000 552 1.000000 570 1.000000 576 1.000000 -1
520 1.000000 521 1.000000 550 1.000000 551 1.000000 570 1.000000 -1
550 1.000000 551 1.000000 -1
549 1.000000 552 1.000000 -1
553 1.000000 556 1.000000 -1
554 1.000000 556 1.000000 -1
555 1.000000 557 1.000000 -1
509 1.000000 518 1.000000 531 1.000000 553 1.000000 554 1.000000 556 1.000000 557 1.000000 -1
510 1.000000 512 1.000000 527 1.000000 531 1.000000 555 1.000000 556 1.000000 557 1.000000 -1
62 1.000000 99 1.000000 537 1.000000 558 1.000000 563 1.000000 564 1.000000 572 1.000000 -1
520 1.000000 539 1.000000 559 1.000000 560 1.000000 -1
559 1.000000 560 1.000000 572 1.000000 -1
525 1.000000 544 1.000000 561 1.000000 562 1.000000 -1
561 1.000000 562 1.000000 569 1.000000 -1
558 1.000000 563 1.000000 -1
558 1.000000 564 1.000000 -1
513 1.000000 519 1.000000 565 1.000000 -1
522 1.000000 566 1.000000 567 1.000000 -1
566 1.000000 567 1.000000 568 1.000000 576 1.000000 -1
567 1.000000 568 1.000000 -1
526 1.000000 531 1.000000 562 1.000000 569 1.000000 -1
503 1.000000 505 1.000000 513 1.000000 539 1.000000 547 1.000000 549 1.000000 550 1.000000 570 1.000000 571 1.000000 572 1.000000 -1
506 1.000000 570 1.000000 571 1.000000 -1
62 1.000000 508 1.000000 558 1.000000 560 1.000000 570 1.000000 572 1.000000 -1
503 1.000000 573 1.000000 -1
99 1.000000 505 1.000000 574 1.000000 -1
575 1.000000 576 1.000000 577 1.000000 -1
535 1.000000 549 1.000000 567 1.000000 575 1.000000 576 1.000000 -1
575 1.000000 577 1.000000 -1
578 1.000000 740 1.000000 836 1.000000 -1
579 1.000000 595 1.000000 835 1.000000 -1
580 1.000000 581 1.000000 589 1.000000 714 1.000000 819 1.000000 -1
580 1.000000 581 1.000000 699 1.000000 760 1.000000 -1
582 1.000000 583 1.000000 584 1.000000 656 1.000000 666 1.000000 701 1.000000 796 1.000000 -1
582 1.000000 583 1.000000 726 1.000000 -1
582 1.000000 584 1.000000 652 1.000000 656 1.000000 -1
585 1.000000 668 1.000000 735 1.000000 780 1.000000 -1
586 1.000000 587 1.000000 591 1.000000 703 1.000000 767 1.000000 774 1.000000 -1
586 1.000000 587 1.000000 592 1.000000 594 1.000000 775 1.000000 -1
588 1.000000 589 1.000000 -1
580 1.000000 588 1.000000 589 1.000000 590 1.000000 -1
589 1.000000 590 1.000000 -1
586 1.000000 591 1.000000 592 1.000000 631 1.000000 -1
587 1.000000 591 1.000000 592 1.000000 632 1.000000 641 1.000000 750 1.000000 794 1.000000 834 1.000000 -1
593 1.000000 642 1.000000 799 1.000000 -1
587 1.000000 594 1.000000 745 1.000000 764 1.000000 -1
579 1.000000 595 1.000000 668 1.000000 739 1.000000 798 1.000000 -1
596 1.000000 618 1.000000 670 1.000000 741 1.000000 789 1.000000 796 1.000000 -1
597 1.000000 598 1.000000 644 1.000000 -1
597 1.000000 598 1.000000 599 1.000000 613 1.000000 618 1.000000 645 1.000000 646 1.000000 647 1.000000 683 1.000000 728 1.000000 733 1.000000 740 1.000000 820 1.000000 -1
598 1.000000 599 1.000000 695 1.000000 -1
600 1.000000 648 1.000000 736 1.000000 -1
601 1.000000 602 1.000000 786 1.000000 803 1.000000 820 1.000000 -1
601 1.000000 602 1.000000 -1
603 1.000000 653 1.000000 804 1.000000 806 1.000000 -1
264 1.000000 604 1.000000 605 1.000000 641 1.000000 794 1.000000 1448 1.000000 -1
604 1.000000 605 1.000000 -1
606 1.000000 607 1.000000 630 1.000000 700 1.000000 -1
606 1.000000 607 1.000000 -1
444 1.000000 608 1.000000 763 1.000000 -1
609 1.000000 610 1.000000 750 1.000000 775 1.000000 -1
609 1.000000 610 1.000000 -1
611 1.000000 652 1.000000 670 1.000000 -1
612 1.000000 785 1.000000 837 1.000000 -1
1 1.000000 598 1.000000 613 1.000000 -1
614 1.000000 760 1.000000 -1
615 1.000000 714 1.000000 729 1.000000 746 1.000000 753 1.000000 815 1.000000 -1
616 1.000000 617 1.000000 -1
616 1.000000 617 1.000000 784 1.000000 -1
596 1.000000 598 1.000000 618 1.000000 -1
619 1.000000 620 1.000000 621 1.000000 622 1.000000 632 1.000000 804 1.000000 -1
619 1.000000 620 1.000000 623 1.000000 633 1.000000 743 1.000000 802 1.000000 -1
619 1.000000 621 1.000000 -1
619 1.000000 622 1.000000 -1
620 1.000000 623 1.000000 -1
624 1.000000 700 1.000000 762 1.000000 -1
625 1.000000 689 1.000000 697 1.000000 -1
626 1.000000 627 1.000000 748 1.000000 824 1.000000 -1
626 1.000000 627 1.000000 632 1.000000 637 1.000000 732 1.000000 785 1.000000 825 1.000000 -1
628 1.000000 667 1.000000 690 1.000000 705 1.000000 -1
629 1.000000 630 1.000000 -1
606 1.000000 629 1.000000 630 1.000000 713 1.000000 -1
591 1.000000 631 1.000000 632 1.000000 634 1.000000 -1
592 1.000000 619 1.000000 627 1.000000 631 1.000000 632 1.000000 633 1.000000 635 1.000000 740 1.000000 753 1.000000 768 1.000000 834 1.000000 -1
620 1.000000 632 1.000000 633 1.000000 636 1.000000 680 1.000000 776 1.000000 -1
631 1.000000 634 1.000000 -1
632 1.000000 635 1.000000 -1
633 1.000000 636 1.000000 -1
627 1.000000 637 1.000000 638 1.000000 639 1.000000 659 1.000000 724 1.000000 807 1.000000 813 1.000000 815 1.000000 837 1.000000 -1
637 1.000000 638 1.000000 776 1.000000 -1
637 1.000000 639 1.000000 776 1.000000 -1
640 1.000000 815 1.000000 816 1.000000 -1
592 1.000000 604 1.000000 641 1.000000 -1
593 1.000000 642 1.000000 643 1.000000 -1
243 1.000000 642 1.000000 643 1.000000 743 1.000000 -1
597 1.000000 644 1.000000 -1
598 1.000000 645 1.000000 -1
598 1.000000 646 1.000000 -1
598 1.000000 647 1.000000 -1
600 1.000000 648 1.000000 728 1.000000 -1
649 1.000000 655 1.000000 773 1.000000 -1
650 1.000000 711 1.000000 829 1.000000 -1
651 1.000000 659 1.000000 807 1.000000 -1
584 1.000000 611 1.000000 652 1.000000 -1
603 1.000000 653 1.000000 654 1.000000 673 1.000000 787 1.000000 -1
653 1.000000 654 1.000000 -1
649 1.000000 655 1.000000 656 1.000000 -1
582 1.000000 584 1.000000 655 1.000000 656 1.000000 671 1.000000 681 1.000000 779 1.000000 -1
657 1.000000 658 1.000000 -1
657 1.000000 658 1.000000 785 1.000000 802 1.000000 832 1.000000 -1
637 1.000000 651 1.000000 659 1.000000 664 1.000000 724 1.000000 -1
660 1.000000 661 1.000000 663 1.000000 -1
660 1.000000 661 1.000000 662 1.000000 663 1.000000 -1
661 1.000000 662 1.000000 756 1.000000 -1
660 1.000000 661 1.000000 663 1.000000 685 1.000000 688 1.000000 -1
659 1.000000 664 1.000000 807 1.000000 -1
312 1.000000 665 1.000000 829 1.000000 -1
582 1.000000 666 1.000000 779 1.000000 -1
628 1.000000 667 1.000000 687 1.000000 -1
585 1.000000 595 1.000000 668 1.000000 669 1.000000 692 1.000000 828 1.000000 -1
668 1.000000 669 1.000000 736 1.000000 -1
596 1.000000 611 1.000000 670 1.000000 -1
656 1.000000 671 1.000000 676 1.000000 -1
672 1.000000 673 1.000000 -1
653 1.000000 672 1.000000 673 1.000000 804 1.000000 -1
674 1.000000 739 1.000000 758 1.000000 780 1.000000 -1
675 1.000000 676 1.000000 838 1.000000 -1
671 1.000000 675 1.000000 676 1.000000 812 1.000000 -1
677 1.000000 707 1.000000 733 1.000000 820 1.000000 -1
678 1.000000 695 1.000000 721 1.000000 790 1.000000 -1
679 1.000000 680 1.000000 -1
633 1.000000 679 1.000000 680 1.000000 695 1.000000 718 1.000000 757 1.000000 826 1.000000 -1
656 1.000000 681 1.000000 812 1.000000 -1
314 1.000000 682 1.000000 777 1.000000 -1
598 1.000000 683 1.000000 686 1.000000 -1
684 1.000000 685 1.000000 711 1.000000 745 1.000000 -1
663 1.000000 684 1.000000 685 1.000000 716 1.000000 -1
683 1.000000 686 1.000000 736 1.000000 -1
404 1.000000 440 1.000000 667 1.000000 687 1.000000 688 1.000000 750 1.000000 -1
663 1.000000 687 1.000000 688 1.000000 -1
625 1.000000 689 1.000000 691 1.000000 -1
628 1.000000 690 1.000000 691 1.000000 -1
689 1.000000 690 1.000000 691 1.000000 -1
668 1.000000 692 1.000000 693 1.000000 694 1.000000 -1
692 1.000000 693 1.000000 -1
692 1.000000 694 1.000000 -1
599 1.000000 678 1.000000 680 1.000000 695 1.000000 696 1.000000 718 1.000000 726 1.000000 757 1.000000 -1
695 1.000000 696 1.000000 -1
435 1.000000 625 1.000000 697 1.000000 -1
698 1.000000 699 1.000000 781 1.000000 809 1.000000 -1
581 1.000000 698 1.000000 699 1.000000 755 1.000000 -1
606 1.000000 624 1.000000 700 1.000000 722 1.000000 -1
582 1.000000 701 1.000000 702 1.000000 -1
701 1.000000 702 1.000000 726 1.000000 -1
586 1.000000 703 1.000000 744 1.000000 763 1.000000 -1
704 1.000000 714 1.000000 839 1.000000 -1
628 1.000000 705 1.000000 706 1.000000 750 1.000000 -1
705 1.000000 706 1.000000 -1
677 1.000000 707 1.000000 820 1.000000 -1
708 1.000000 709 1.000000 716 1.000000 718 1.000000 -1
708 1.000000 709 1.000000 -1
710 1.000000 711 1.000000 756 1.000000 -1
332 1.000000 650 1.000000 684 1.000000 710 1.000000 711 1.000000 -1
712 1.000000 713 1.000000 715 1.000000 838 1.000000 -1
630 1.000000 712 1.000000 713 1.000000 812 1.000000 -1
580 1.000000 615 1.000000 704 1.000000 714 1.000000 -1
712 1.000000 715 1.000000 773 1.000000 -1
685 1.000000 708 1.000000 716 1.000000 717 1.000000 -1
716 1.000000 717 1.000000 -1
680 1.000000 695 1.000000 708 1.000000 718 1.000000 719 1.000000 -1
718 1.000000 719 1.000000 -1
720 1.000000 722 1.000000 723 1.000000 -1
678 1.000000 721 1.000000 723 1.000000 970 1.000000 -1
700 1.000000 720 1.000000 722 1.000000 -1
720 1.000000 721 1.000000 723 1.000000 -1
637 1.000000 659 1.000000 724 1.000000 725 1.000000 727 1.000000 785 1.000000 795 1.000000 806 1.000000 817 1.000000 -1
724 1.000000 725 1.000000 743 1.000000 776 1.000000 -1
583 1.000000 695 1.000000 702 1.000000 726 1.000000 755 1.000000 797 1.000000 -1
724 1.000000 727 1.000000 807 1.000000 -1
598 1.000000 648 1.000000 728 1.000000 778 1.000000 -1
615 1.000000 729 1.000000 730 1.000000 746 1.000000 -1
729 1.000000 730 1.000000 -1
731 1.000000 782 1.000000 784 1.000000 824 1.000000 -1
627 1.000000 732 1.000000 785 1.000000 -1
598 1.000000 677 1.000000 733 1.000000 734 1.000000 741 1.000000 801 1.000000 -1
733 1.000000 734 1.000000 757 1.000000 -1
585 1.000000 735 1.000000 736 1.000000 737 1.000000 -1
600 1.000000 669 1.000000 686 1.000000 735 1.000000 736 1.000000 738 1.000000 786 1.000000 792 1.000000 796 1.000000 829 1.000000 -1
735 1.000000 737 1.000000 -1
736 1.000000 738 1.000000 -1
595 1.000000 674 1.000000 739 1.000000 740 1.000000 748 1.000000 798 1.000000 -1
578 1.000000 598 1.000000 632 1.000000 739 1.000000 740 1.000000 759 1.000000 768 1.000000 769 1.000000 771 1.000000 823 1.000000 825 1.000000 -1
596 1.000000 733 1.000000 741 1.000000 -1
742 1.000000 743 1.000000 800 1.000000 805 1.000000 -1
620 1.000000 643 1.000000 725 1.000000 742 1.000000 743 1.000000 -1
703 1.000000 744 1.000000 745 1.000000 756 1.000000 -1
594 1.000000 684 1.000000 744 1.000000 745 1.000000 -1
615 1.000000 729 1.000000 746 1.000000 747 1.000000 -1
746 1.000000 747 1.000000 -1
626 1.000000 739 1.000000 748 1.000000 822 1.000000 -1
749 1.000000 799 1.000000 804 1.000000 -1
592 1.000000 609 1.000000 687 1.000000 705 1.000000 750 1.000000 751 1.000000 764 1.000000 -1
750 1.000000 751 1.000000 -1
752 1.000000 817 1.000000 -1
615 1.000000 632 1.000000 753 1.000000 754 1.000000 816 1.000000 -1
753 1.000000 754 1.000000 760 1.000000 -1
699 1.000000 726 1.000000 755 1.000000 757 1.000000 -1
662 1.000000 710 1.000000 744 1.000000 756 1.000000 -1
680 1.000000 695 1.000000 734 1.000000 755 1.000000 757 1.000000 821 1.000000 -1
674 1.000000 758 1.000000 759 1.000000 822 1.000000 -1
740 1.000000 758 1.000000 759 1.000000 -1
581 1.000000 614 1.000000 754 1.000000 760 1.000000 776 1.000000 -1
761 1.000000 789 1.000000 -1
624 1.000000 762 1.000000 778 1.000000 -1
608 1.000000 703 1.000000 763 1.000000 764 1.000000 774 1.000000 -1
594 1.000000 750 1.000000 763 1.000000 764 1.000000 -1
765 1.000000 766 1.000000 822 1.000000 -1
765 1.000000 766 1.000000 823 1.000000 825 1.000000 -1
586 1.000000 767 1.000000 774 1.000000 -1
632 1.000000 740 1.000000 768 1.000000 -1
740 1.000000 769 1.000000 770 1.000000 825 1.000000 -1
769 1.000000 770 1.000000 -1
740 1.000000 771 1.000000 772 1.000000 -1
771 1.000000 772 1.000000 -1
649 1.000000 715 1.000000 773 1.000000 -1
586 1.000000 763 1.000000 767 1.000000 774 1.000000 775 1.000000 -1
587 1.000000 609 1.000000 774 1.000000 775 1.000000 -1
633 1.000000 638 1.000000 639 1.000000 725 1.000000 760 1.000000 776 1.000000 802 1.000000 814 1.000000 826 1.000000 -1
682 1.000000 777 1.000000 778 1.000000 -1
728 1.000000 762 1.000000 777 1.000000 778 1.000000 789 1.000000 -1
656 1.000000 666 1.000000 779 1.000000 -1
585 1.000000 674 1.000000 780 1.000000 835 1.000000 -1
698 1.000000 781 1.000000 786 1.000000 819 1.000000 -1
731 1.000000 782 1.000000 -1
783 1.000000 785 1.000000 -1
617 1.000000 731 1.000000 784 1.000000 785 1.000000 -1
612 1.000000 627 1.000000 658 1.000000 724 1.000000 732 1.000000 783 1.000000 784 1.000000 785 1.000000 793 1.000000 -1
601 1.000000 736 1.000000 781 1.000000 786 1.000000 803 1.000000 808 1.000000 839 1.000000 -1
653 1.000000 787 1.000000 788 1.000000 -1
787 1.000000 788 1.000000 -1
596 1.000000 761 1.000000 778 1.000000 789 1.000000 790 1.000000 791 1.000000 -1
678 1.000000 789 1.000000 790 1.000000 -1
789 1.000000 791 1.000000 -1
323 1.000000 736 1.000000 792 1.000000 -1
785 1.000000 793 1.000000 -1
592 1.000000 604 1.000000 794 1.000000 -1
724 1.000000 795 1.000000 805 1.000000 -1
582 1.000000 596 1.000000 736 1.000000 796 1.000000 797 1.000000 -1
726 1.000000 796 1.000000 797 1.000000 -1
595 1.000000 739 1.000000 798 1.000000 -1
593 1.000000 749 1.000000 799 1.000000 800 1.000000 -1
742 1.000000 799 1.000000 800 1.000000 804 1.000000 -1
733 1.000000 801 1.000000 809 1.000000 -1
620 1.000000 658 1.000000 776 1.000000 802 1.000000 -1
601 1.000000 786 1.000000 803 1.000000 -1
603 1.000000 619 1.000000 673 1.000000 749 1.000000 800 1.000000 804 1.000000 -1
742 1.000000 795 1.000000 805 1.000000 806 1.000000 -1
603 1.000000 724 1.000000 805 1.000000 806 1.000000 -1
637 1.000000 651 1.000000 664 1.000000 727 1.000000 807 1.000000 817 1.000000 -1
786 1.000000 808 1.000000 -1
698 1.000000 801 1.000000 809 1.000000 819 1.000000 -1
810 1.000000 811 1.000000 839 1.000000 -1
810 1.000000 811 1.000000 -1
676 1.000000 681 1.000000 713 1.000000 812 1.000000 -1
637 1.000000 813 1.000000 814 1.000000 -1
776 1.000000 813 1.000000 814 1.000000 -1
615 1.000000 637 1.000000 640 1.000000 815 1.000000 -1
640 1.000000 753 1.000000 816 1.000000 837 1.000000 -1
724 1.000000 752 1.000000 807 1.000000 817 1.000000 -1
818 1.000000 819 1.000000 -1
580 1.000000 781 1.000000 809 1.000000 818 1.000000 819 1.000000 -1
598 1.000000 601 1.000000 677 1.000000 707 1.000000 820 1.000000 821 1.000000 -1
757 1.000000 820 1.000000 821 1.000000 -1
748 1.000000 758 1.000000 765 1.000000 822 1.000000 823 1.000000 -1
740 1.000000 766 1.000000 822 1.000000 823 1.000000 -1
626 1.000000 731 1.000000 824 1.000000 -1
627 1.000000 740 1.000000 766 1.000000 769 1.000000 825 1.000000 826 1.000000 829 1.000000 830 1.000000 831 1.000000 -1
680 1.000000 776 1.000000 825 1.000000 826 1.000000 -1
827 1.000000 828 1.000000 829 1.000000 -1
668 1.000000 827 1.000000 828 1.000000 -1
650 1.000000 665 1.000000 736 1.000000 825 1.000000 827 1.000000 829 1.000000 -1
825 1.000000 830 1.000000 -1
825 1.000000 831 1.000000 -1
658 1.000000 832 1.000000 833 1.000000 -1
832 1.000000 833 1.000000 -1
592 1.000000 632 1.000000 834 1.000000 -1
579 1.000000 780 1.000000 835 1.000000 836 1.000000 -1
578 1.000000 835 1.000000 836 1.000000 -1
612 1.000000 637 1.000000 816 1.000000 837 1.000000 -1
675 1.000000 712 1.000000 838 1.000000 -1
704 1.000000 786 1.000000 810 1.000000 839 1.000000 -1
840 1.000000 915 1.000000 971 1.000000 -1
841 1.000000 964 1.000000 993 1.000000 -1
842 1.000000 888 1.000000 922 1.000000 -1
843 1.000000 852 1.000000 897 1.000000 -1
844 1.000000 928 1.000000 991 1.000000 -1
845 1.000000 846 1.000000 -1
845 1.000000 846 1.000000 857 1.000000 979 1.000000 -1
847 1.000000 851 1.000000 881 1.000000 966 1.000000 981 1.000000 985 1.000000 994 1.000000 998 1.000000 -1
848 1.000000 942 1.000000 964 1.000000 -1
849 1.000000 897 1.000000 998 1.000000 -1
850 1.000000 851 1.000000 993 1.000000 -1
847 1.000000 850 1.000000 851 1.000000 965 1.000000 -1
843 1.000000 852 1.000000 888 1.000000 -1
853 1.000000 854 1.000000 -1
853 1.000000 854 1.000000 894 1.000000 903 1.000000 997 1.000000 -1
855 1.000000 857 1.000000 -1
856 1.000000 857 1.000000 -1
846 1.000000 855 1.000000 856 1.000000 857 1.000000 -1
858 1.000000 928 1.000000 973 1.000000 -1
859 1.000000 868 1.000000 991 1.000000 -1
860 1.000000 891 1.000000 -1
861 1.000000 994 1.000000 -1
862 1.000000 937 1.000000 944 1.000000 -1
863 1.000000 864 1.000000 -1
863 1.000000 864 1.000000 943 1.000000 965 1.000000 -1
865 1.000000 866 1.000000 991 1.000000 -1
865 1.000000 866 1.000000 882 1.000000 890 1.000000 909 1.000000 946 1.000000 969 1.000000 975 1.000000 987 1.000000 991 1.000000 -1
867 1.000000 965 1.000000 -1
859 1.000000 868 1.000000 869 1.000000 871 1.000000 914 1.000000 939 1.000000 991 1.000000 -1
868 1.000000 869 1.000000 870 1.000000 939 1.000000 981 1.000000 -1
869 1.000000 870 1.000000 -1
868 1.000000 871 1.000000 -1
872 1.000000 873 1.000000 874 1.000000 889 1.000000 923 1.000000 -1
872 1.000000 873 1.000000 -1
872 1.000000 874 1.000000 -1
875 1.000000 876 1.000000 1143 1.000000 -1
875 1.000000 876 1.000000 953 1.000000 964 1.000000 1141 1.000000 1142 1.000000 -1
877 1.000000 912 1.000000 944 1.000000 -1
878 1.000000 915 1.000000 971 1.000000 -1
879 1.000000 940 1.000000 964 1.000000 -1
880 1.000000 881 1.000000 -1
847 1.000000 880 1.000000 881 1.000000 985 1.000000 -1
866 1.000000 882 1.000000 885 1.000000 898 1.000000 909 1.000000 987 1.000000 -1
883 1.000000 952 1.000000 972 1.000000 -1
884 1.000000 885 1.000000 886 1.000000 891 1.000000 -1
882 1.000000 884 1.000000 885 1.000000 887 1.000000 -1
884 1.000000 886 1.000000 -1
885 1.000000 887 1.000000 -1
842 1.000000 852 1.000000 888 1.000000 889 1.000000 893 1.000000 896 1.000000 931 1.000000 944 1.000000 -1
872 1.000000 888 1.000000 889 1.000000 913 1.000000 923 1.000000 -1
866 1.000000 890 1.000000 991 1.000000 -1
860 1.000000 884 1.000000 891 1.000000 892 1.000000 953 1.000000 -1
891 1.000000 892 1.000000 894 1.000000 941 1.000000 962 1.000000 -1
888 1.000000 893 1.000000 922 1.000000 -1
854 1.000000 892 1.000000 894 1.000000 954 1.000000 981 1.000000 997 1.000000 -1
895 1.000000 944 1.000000 960 1.000000 -1
888 1.000000 896 1.000000 917 1.000000 -1
843 1.000000 849 1.000000 897 1.000000 906 1.000000 994 1.000000 -1
882 1.000000 898 1.000000 965 1.000000 987 1.000000 -1
899 1.000000 900 1.000000 979 1.000000 984 1.000000 -1
899 1.000000 900 1.000000 -1
901 1.000000 976 1.000000 991 1.000000 -1
902 1.000000 903 1.000000 -1
854 1.000000 902 1.000000 903 1.000000 997 1.000000 -1
904 1.000000 948 1.000000 -1
905 1.000000 909 1.000000 -1
897 1.000000 906 1.000000 960 1.000000 -1
907 1.000000 922 1.000000 -1
908 1.000000 909 1.000000 -1
866 1.000000 882 1.000000 905 1.000000 908 1.000000 909 1.000000 975 1.000000 988 1.000000 -1
910 1.000000 917 1.000000 -1
911 1.000000 989 1.000000 991 1.000000 -1
877 1.000000 912 1.000000 913 1.000000 944 1.000000 990 1.000000 -1
889 1.000000 912 1.000000 913 1.000000 923 1.000000 938 1.000000 982 1.000000 -1
868 1.000000 914 1.000000 939 1.000000 -1
840 1.000000 878 1.000000 915 1.000000 916 1.000000 924 1.000000 -1
915 1.000000 916 1.000000 972 1.000000 -1
896 1.000000 910 1.000000 917 1.000000 960 1.000000 -1
918 1.000000 919 1.000000 926 1.000000 937 1.000000 939 1.000000 -1
918 1.000000 919 1.000000 938 1.000000 982 1.000000 -1
920 1.000000 921 1.000000 -1
920 1.000000 921 1.000000 962 1.000000 -1
842 1.000000 893 1.000000 907 1.000000 922 1.000000 923 1.000000 931 1.000000 -1
872 1.000000 889 1.000000 913 1.000000 922 1.000000 923 1.000000 1236 1.000000 -1
915 1.000000 924 1.000000 971 1.000000 -1
925 1.000000 981 1.000000 990 1.000000 -1
918 1.000000 926 1.000000 -1
927 1.000000 982 1.000000 992 1.000000 -1
844 1.000000 858 1.000000 928 1.000000 952 1.000000 972 1.000000 976 1.000000 -1
929 1.000000 931 1.000000 -1
930 1.000000 931 1.000000 -1
888 1.000000 922 1.000000 929 1.000000 930 1.000000 931 1.000000 -1
932 1.000000 933 1.000000 936 1.000000 937 1.000000 -1
932 1.000000 933 1.000000 -1
934 1.000000 937 1.000000 -1
935 1.000000 938 1.000000 -1
932 1.000000 936 1.000000 937 1.000000 -1
862 1.000000 918 1.000000 932 1.000000 934 1.000000 936 1.000000 937 1.000000 938 1.000000 944 1.000000 -1
913 1.000000 919 1.000000 935 1.000000 937 1.000000 938 1.000000 -1
868 1.000000 869 1.000000 914 1.000000 918 1.000000 939 1.000000 972 1.000000 981 1.000000 -1
879 1.000000 940 1.000000 942 1.000000 -1
892 1.000000 941 1.000000 965 1.000000 -1
848 1.000000 940 1.000000 942 1.000000 943 1.000000 945 1.000000 -1
864 1.000000 942 1.000000 943 1.000000 979 1.000000 -1
862 1.000000 877 1.000000 888 1.000000 895 1.000000 912 1.000000 937 1.000000 944 1.000000 -1
942 1.000000 945 1.000000 964 1.000000 -1
866 1.000000 946 1.000000 969 1.000000 -1
947 1.000000 948 1.000000 -1
904 1.000000 947 1.000000 948 1.000000 969 1.000000 -1
949 1.000000 969 1.000000 -1
950 1.000000 969 1.000000 -1
951 1.000000 952 1.000000 955 1.000000 -1
883 1.000000 928 1.000000 951 1.000000 952 1.000000 956 1.000000 957 1.000000 958 1.000000 959 1.000000 973 1.000000 976 1.000000 981 1.000000 -1
876 1.000000 891 1.000000 953 1.000000 -1
894 1.000000 954 1.000000 997 1.000000 -1
951 1.000000 955 1.000000 -1
952 1.000000 956 1.000000 -1
952 1.000000 957 1.000000 -1
952 1.000000 958 1.000000 -1
952 1.000000 959 1.000000 -1
895 1.000000 906 1.000000 917 1.000000 960 1.000000 -1
961 1.000000 962 1.000000 -1
892 1.000000 921 1.000000 961 1.000000 962 1.000000 -1
963 1.000000 972 1.000000 981 1.000000 -1
841 1.000000 848 1.000000 876 1.000000 879 1.000000 945 1.000000 964 1.000000 965 1.000000 -1
851 1.000000 864 1.000000 867 1.000000 898 1.000000 941 1.000000 964 1.000000 965 1.000000 966 1.000000 968 1.000000 979 1.000000 -1
847 1.000000 965 1.000000 966 1.000000 967 1.000000 977 1.000000 995 1.000000 -1
966 1.000000 967 1.000000 -1
965 1.000000 968 1.000000 -1
866 1.000000 946 1.000000 948 1.000000 949 1.000000 950 1.000000 969 1.000000 970 1.000000 -1
721 1.000000 969 1.000000 970 1.000000 980 1.000000 -1
840 1.000000 878 1.000000 924 1.000000 971 1.000000 972 1.000000 -1
883 1.000000 916 1.000000 928 1.000000 939 1.000000 963 1.000000 971 1.000000 972 1.000000 -1
858 1.000000 952 1.000000 973 1.000000 -1
974 1.000000 975 1.000000 -1
866 1.000000 909 1.000000 974 1.000000 975 1.000000 987 1.000000 -1
901 1.000000 928 1.000000 952 1.000000 976 1.000000 -1
966 1.000000 977 1.000000 981 1.000000 -1
978 1.000000 979 1.000000 -1
846 1.000000 899 1.000000 943 1.000000 965 1.000000 978 1.000000 979 1.000000 980 1.000000 984 1.000000 -1
970 1.000000 979 1.000000 980 1.000000 982 1.000000 992 1.000000 -1
847 1.000000 869 1.000000 894 1.000000 925 1.000000 939 1.000000 952 1.000000 963 1.000000 977 1.000000 981 1.000000 982 1.000000 987 1.000000 995 1.000000 -1
913 1.000000 919 1.000000 927 1.000000 980 1.000000 981 1.000000 982 1.000000 -1
983 1.000000 984 1.000000 -1
899 1.000000 979 1.000000 983 1.000000 984 1.000000 -1
847 1.000000 881 1.000000 985 1.000000 986 1.000000 -1
985 1.000000 986 1.000000 -1
866 1.000000 882 1.000000 898 1.000000 975 1.000000 981 1.000000 987 1.000000 -1
909 1.000000 988 1.000000 -1
911 1.000000 989 1.000000 991 1.000000 -1
912 1.000000 925 1.000000 990 1.000000 -1
844 1.000000 859 1.000000 865 1.000000 866 1.000000 868 1.000000 890 1.000000 901 1.000000 911 1.000000 989 1.000000 991 1.000000 992 1.000000 -1
927 1.000000 980 1.000000 991 1.000000 992 1.000000 -1
841 1.000000 850 1.000000 993 1.000000 -1
847 1.000000 861 1.000000 897 1.000000 994 1.000000 -1
966 1.000000 981 1.000000 995 1.000000 -1
996 1.000000 997 1.000000 -1
854 1.000000 894 1.000000 903 1.000000 954 1.000000 996 1.000000 997 1.000000 -1
847 1.000000 849 1.000000 998 1.000000 -1
999 1.000000 1024 1.000000 1030 1.000000 -1
1000 1.000000 1028 1.000000 1393 1.000000 -1
1001 1.000000 1016 1.000000 1025 1.000000 1029 1.000000 -1
1002 1.000000 1004 1.000000 1253 1.000000 -1
1003 1.000000 1005 1.000000 1017 1.000000 1023 1.000000 -1
1002 1.000000 1004 1.000000 1005 1.000000 1006 1.000000 1258 1.000000 -1
1003 1.000000 1004 1.000000 1005 1.000000 1007 1.000000 1008 1.000000 1018 1.000000 1285 1.000000 -1
1004 1.000000 1006 1.000000 -1
1005 1.000000 1007 1.000000 -1
1005 1.000000 1008 1.000000 -1
1009 1.000000 1024 1.000000 1306 1.000000 -1
1010 1.000000 1011 1.000000 1032 1.000000 -1
1010 1.000000 1011 1.000000 1019 1.000000 -1
1012 1.000000 1025 1.000000 1032 1.000000 -1
1013 1.000000 1019 1.000000 1027 1.000000 -1
1014 1.000000 1024 1.000000 1028 1.000000 -1
1015 1.000000 1022 1.000000 1285 1.000000 -1
1001 1.000000 1016 1.000000 1017 1.000000 -1
1003 1.000000 1016 1.000000 1017 1.000000 -1
1005 1.000000 1018 1.000000 1020 1.000000 -1
1011 1.000000 1013 1.000000 1019 1.000000 -1
1018 1.000000 1020 1.000000 1021 1.000000 -1
301 1.000000 1020 1.000000 1021 1.000000 1024 1.000000 -1
1015 1.000000 1022 1.000000 1026 1.000000 -1
1003 1.000000 1023 1.000000 1027 1.000000 1030 1.000000 -1
999 1.000000 1009 1.000000 1014 1.000000 1021 1.000000 1024 1.000000 -1
1001 1.000000 1012 1.000000 1025 1.000000 -1
1022 1.000000 1026 1.000000 1029 1.000000 -1
1013 1.000000 1023 1.000000 1027 1.000000 1287 1.000000 -1
1000 1.000000 1014 1.000000 1028 1.000000 -1
1001 1.000000 1026 1.000000 1029 1.000000 -1
999 1.000000 1023 1.000000 1030 1.000000 -1
407 1.000000 1031 1.000000 1032 1.000000 -1
408 1.000000 1010 1.000000 1012 1.000000 1031 1.000000 1032 1.000000 1353 1.000000 -1
1033 1.000000 1075 1.000000 -1
1034 1.000000 1086 1.000000 -1
1035 1.000000 1063 1.000000 1069 1.000000 -1
1036 1.000000 1082 1.000000 1243 1.000000 1292 1.000000 -1
1037 1.000000 1038 1.000000 1065 1.000000 1072 1.000000 -1
1037 1.000000 1038 1.000000 1056 1.000000 1067 1.000000 -1
1039 1.000000 1041 1.000000 1074 1.000000 -1
1040 1.000000 1041 1.000000 -1
1039 1.000000 1040 1.000000 1041 1.000000 1060 1.000000 1068 1.000000 -1
1042 1.000000 1043 1.000000 -1
1042 1.000000 1043 1.000000 1079 1.000000 -1
1044 1.000000 1075 1.000000 1076 1.000000 -1
1045 1.000000 1046 1.000000 1048 1.000000 1049 1.000000 1050 1.000000 1061 1.000000 1077 1.000000 1083 1.000000 1249 1.000000 -1
1045 1.000000 1046 1.000000 -1
1047 1.000000 1048 1.000000 -1
1045 1.000000 1047 1.000000 1048 1.000000 1078 1.000000 1080 1.000000 -1
1045 1.000000 1049 1.000000 -1
1045 1.000000 1050 1.000000 -1
1051 1.000000 1059 1.000000 1069 1.000000 1262 1.000000 -1
1052 1.000000 1053 1.000000 1054 1.000000 1071 1.000000 -1
1052 1.000000 1053 1.000000 -1
1052 1.000000 1054 1.000000 1058 1.000000 1073 1.000000 -1
1055 1.000000 1056 1.000000 1076 1.000000 -1
1038 1.000000 1055 1.000000 1056 1.000000 1057 1.000000 1073 1.000000 -1
1056 1.000000 1057 1.000000 -1
1054 1.000000 1058 1.000000 1070 1.000000 1073 1.000000 1080 1.000000 1086 1.000000 -1
1051 1.000000 1059 1.000000 1060 1.000000 1074 1.000000 -1
1041 1.000000 1059 1.000000 1060 1.000000 -1
1045 1.000000 1061 1.000000 1062 1.000000 1083 1.000000 -1
1061 1.000000 1062 1.000000 1087 1.000000 -1
1035 1.000000 1063 1.000000 1064 1.000000 -1
1063 1.000000 1064 1.000000 1070 1.000000 1079 1.000000 -1
1037 1.000000 1065 1.000000 1066 1.000000 -1
1065 1.000000 1066 1.000000 1067 1.000000 -1
1038 1.000000 1066 1.000000 1067 1.000000 -1
1041 1.000000 1068 1.000000 1078 1.000000 1085 1.000000 1086 1.000000 -1
1035 1.000000 1051 1.000000 1069 1.000000 1070 1.000000 1075 1.000000 -1
1058 1.000000 1064 1.000000 1069 1.000000 1070 1.000000 -1
1052 1.000000 1071 1.000000 1073 1.000000 -1
1037 1.000000 1072 1.000000 1073 1.000000 1076 1.000000 -1
1054 1.000000 1056 1.000000 1058 1.000000 1071 1.000000 1072 1.000000 1073 1.000000 1272 1.000000 1326 1.000000 -1
1039 1.000000 1059 1.000000 1074 1.000000 -1
1033 1.000000 1044 1.000000 1069 1.000000 1075 1.000000 1313 1.000000 -1
1044 1.000000 1055 1.000000 1072 1.000000 1076 1.000000 -1
1045 1.000000 1077 1.000000 1078 1.000000 1083 1.000000 1089 1.000000 -1
1048 1.000000 1068 1.000000 1077 1.000000 1078 1.000000 -1
1043 1.000000 1064 1.000000 1079 1.000000 1299 1.000000 1302 1.000000 -1
1048 1.000000 1058 1.000000 1080 1.000000 1082 1.000000 -1
1081 1.000000 1082 1.000000 -1
1036 1.000000 1080 1.000000 1081 1.000000 1082 1.000000 1085 1.000000 1088 1.000000 -1
1045 1.000000 1061 1.000000 1077 1.000000 1083 1.000000 1084 1.000000 1249 1.000000 -1
1083 1.000000 1084 1.000000 -1
1068 1.000000 1082 1.000000 1085 1.000000 -1
1034 1.000000 1058 1.000000 1068 1.000000 1086 1.000000 -1
1062 1.000000 1087 1.000000 1088 1.000000 1274 1.000000 1279 1.000000 -1
1082 1.000000 1087 1.000000 1088 1.000000 1242 1.000000 -1
1077 1.000000 1089 1.000000 -1
1090 1.000000 1091 1.000000 1093 1.000000 -1
1090 1.000000 1091 1.000000 1105 1.000000 -1
1092 1.000000 1100 1.000000 1105 1.000000 -1
1090 1.000000 1093 1.000000 1094 1.000000 1095 1.000000 1097 1.000000 1099 1.000000 1107 1.000000 1108 1.000000 1110 1.000000 -1
1093 1.000000 1094 1.000000 -1
1093 1.000000 1095 1.000000 -1
1096 1.000000 1097 1.000000 1098 1.000000 1099 1.000000 -1
1093 1.000000 1096 1.000000 1097 1.000000 -1
1096 1.000000 1098 1.000000 1106 1.000000 -1
1093 1.000000 1096 1.000000 1099 1.000000 -1
1092 1.000000 1100 1.000000 1104 1.000000 -1
1101 1.000000 1102 1.000000 1103 1.000000 1109 1.000000 -1
1101 1.000000 1102 1.000000 1114 1.000000 -1
1101 1.000000 1103 1.000000 1114 1.000000 -1
1100 1.000000 1104 1.000000 1114 1.000000 -1
1091 1.000000 1092 1.000000 1105 1.000000 1106 1.000000 1107 1.000000 1114 1.000000 -1
1098 1.000000 1105 1.000000 1106 1.000000 1231 1.000000 -1
1093 1.000000 1105 1.000000 1107 1.000000 -1
1093 1.000000 1108 1.000000 -1
1101 1.000000 1109 1.000000 1111 1.000000 -1
1093 1.000000 1110 1.000000 1112 1.000000 -1
1109 1.000000 1111 1.000000 -1
1110 1.000000 1112 1.000000 1231 1.000000 -1
1113 1.000000 1114 1.000000 1115 1.000000 -1
1102 1.000000 1103 1.000000 1104 1.000000 1105 1.000000 1113 1.000000 1114 1.000000 1116 1.000000 1117 1.000000 1118 1.000000 -1
1113 1.000000 1115 1.000000 -1
1114 1.000000 1116 1.000000 -1
1114 1.000000 1117 1.000000 -1
1114 1.000000 1118 1.000000 -1
1119 1.000000 1130 1.000000 1134 1.000000 -1
1120 1.000000 1121 1.000000 1125 1.000000 1129 1.000000 1132 1.000000 1145 1.000000 -1
1120 1.000000 1121 1.000000 1129 1.000000 -1
1122 1.000000 1123 1.000000 1154 1.000000 -1
1122 1.000000 1123 1.000000 1136 1.000000 1137 1.000000 1141 1.000000 1142 1.000000 -1
1124 1.000000 1125 1.000000 -1
1120 1.000000 1124 1.000000 1125 1.000000 1136 1.000000 -1
1126 1.000000 1129 1.000000 -1
1127 1.000000 1129 1.000000 -1
1128 1.000000 1129 1.000000 1130 1.000000 -1
1120 1.000000 1121 1.000000 1126 1.000000 1127 1.000000 1128 1.000000 1129 1.000000 1140 1.000000 -1
1119 1.000000 1128 1.000000 1130 1.000000 -1
1131 1.000000 1134 1.000000 1150 1.000000 -1
1120 1.000000 1132 1.000000 -1
1133 1.000000 1144 1.000000 1149 1.000000 -1
1119 1.000000 1131 1.000000 1134 1.000000 -1
1135 1.000000 1140 1.000000 1145 1.000000 -1
1123 1.000000 1125 1.000000 1136 1.000000 1140 1.000000 -1
1123 1.000000 1137 1.000000 1152 1.000000 -1
1138 1.000000 1155 1.000000 -1
1139 1.000000 1145 1.000000 1152 1.000000 -1
1129 1.000000 1135 1.000000 1136 1.000000 1140 1.000000 -1
876 1.000000 1123 1.000000 1141 1.000000 -1
876 1.000000 1123 1.000000 1142 1.000000 -1
875 1.000000 1143 1.000000 1149 1.000000 -1
1133 1.000000 1144 1.000000 1149 1.000000 -1
1120 1.000000 1135 1.000000 1139 1.000000 1145 1.000000 1146 1.000000 1147 1.000000 1148 1.000000 -1
1145 1.000000 1146 1.000000 -1
1145 1.000000 1147 1.000000 -1
1145 1.000000 1148 1.000000 -1
1133 1.000000 1143 1.000000 1144 1.000000 1149 1.000000 1153 1.000000 1155 1.000000 -1
1131 1.000000 1150 1.000000 1402 1.000000 -1
1151 1.000000 1152 1.000000 1155 1.000000 -1
1137 1.000000 1139 1.000000 1151 1.000000 1152 1.000000 -1
1149 1.000000 1153 1.000000 1154 1.000000 -1
1122 1.000000 1153 1.000000 1154 1.000000 1155 1.000000 -1
1138 1.000000 1149 1.000000 1151 1.000000 1154 1.000000 1155 1.000000 -1
1156 1.000000 1159 1.000000 -1
1157 1.000000 1158 1.000000 -1
1157 1.000000 1158 1.000000 1162 1.000000 1166 1.000000 -1
1156 1.000000 1159 1.000000 1162 1.000000 1208 1.000000 -1
1160 1.000000 1204 1.000000 1208 1.000000 1235 1.000000 -1
1161 1.000000 1220 1.000000 1221 1.000000 -1
1158 1.000000 1159 1.000000 1162 1.000000 1176 1.000000 1200 1.000000 1234 1.000000 -1
1163 1.000000 1164 1.000000 -1
1163 1.000000 1164 1.000000 1204 1.000000 1222 1.000000 1228 1.000000 -1
1165 1.000000 1181 1.000000 1193 1.000000 1207 1.000000 -1
1158 1.000000 1166 1.000000 1168 1.000000 1208 1.000000 1216 1.000000 -1
1167 1.000000 1210 1.000000 1211 1.000000 1231 1.000000 1234 1.000000 -1
1166 1.000000 1168 1.000000 1176 1.000000 1198 1.000000 1201 1.000000 -1
1169 1.000000 1195 1.000000 1226 1.000000 1237 1.000000 -1
1170 1.000000 1171 1.000000 -1
1170 1.000000 1171 1.000000 1193 1.000000 1195 1.000000 -1
1172 1.000000 1208 1.000000 1220 1.000000 1229 1.000000 -1
1173 1.000000 1177 1.000000 1197 1.000000 1199 1.000000 -1
1174 1.000000 1175 1.000000 1202 1.000000 1207 1.000000 -1
106 1.000000 354 1.000000 1174 1.000000 1175 1.000000 1203 1.000000 1212 1.000000 -1
1162 1.000000 1168 1.000000 1176 1.000000 1189 1.000000 1227 1.000000 -1
1173 1.000000 1177 1.000000 1178 1.000000 -1
1177 1.000000 1178 1.000000 -1
1179 1.000000 1180 1.000000 1210 1.000000 1219 1.000000 1226 1.000000 1237 1.000000 -1
1179 1.000000 1180 1.000000 -1
136 1.000000 1165 1.000000 1181 1.000000 -1
1182 1.000000 1183 1.000000 1198 1.000000 -1
1182 1.000000 1183 1.000000 1229 1.000000 1235 1.000000 -1
1184 1.000000 1197 1.000000 1201 1.000000 -1
1185 1.000000 1186 1.000000 -1
1185 1.000000 1186 1.000000 1207 1.000000 -1
1187 1.000000 1188 1.000000 -1
1187 1.000000 1188 1.000000 1207 1.000000 -1
1176 1.000000 1189 1.000000 1190 1.000000 1191 1.000000 -1
1189 1.000000 1190 1.000000 -1
1189 1.000000 1191 1.000000 -1
1192 1.000000 1193 1.000000 -1
1165 1.000000 1171 1.000000 1192 1.000000 1193 1.000000 -1
1194 1.000000 1195 1.000000 -1
1169 1.000000 1171 1.000000 1194 1.000000 1195 1.000000 -1
1196 1.000000 1202 1.000000 -1
1173 1.000000 1184 1.000000 1197 1.000000 1198 1.000000 1199 1.000000 1223 1.000000 -1
1168 1.000000 1182 1.000000 1197 1.000000 1198 1.000000 1225 1.000000 -1
1173 1.000000 1197 1.000000 1199 1.000000 -1
1162 1.000000 1200 1.000000 1234 1.000000 -1
1168 1.000000 1184 1.000000 1201 1.000000 1208 1.000000 1223 1.000000 -1
1174 1.000000 1196 1.000000 1202 1.000000 1203 1.000000 -1
397 1.000000 1175 1.000000 1202 1.000000 1203 1.000000 1209 1.000000 1212 1.000000 1236 1.000000 -1
1160 1.000000 1164 1.000000 1204 1.000000 1221 1.000000 1228 1.000000 1233 1.000000 -1
1205 1.000000 1206 1.000000 -1
1205 1.000000 1206 1.000000 1230 1.000000 -1
100 1.000000 1165 1.000000 1174 1.000000 1186 1.000000 1188 1.000000 1207 1.000000 -1
1159 1.000000 1160 1.000000 1166 1.000000 1172 1.000000 1201 1.000000 1208 1.000000 1225 1.000000 1238 1.000000 -1
1203 1.000000 1209 1.000000 1210 1.000000 1211 1.000000 -1
1167 1.000000 1179 1.000000 1209 1.000000 1210 1.000000 1219 1.000000 1234 1.000000 1237 1.000000 -1
1167 1.000000 1209 1.000000 1211 1.000000 1216 1.000000 1237 1.000000 1238 1.000000 -1
1175 1.000000 1203 1.000000 1212 1.000000 1213 1.000000 1214 1.000000 -1
1212 1.000000 1213 1.000000 -1
1212 1.000000 1214 1.000000 -1
1215 1.000000 1217 1.000000 1220 1.000000 1230 1.000000 -1
1166 1.000000 1211 1.000000 1216 1.000000 1238 1.000000 -1
1215 1.000000 1217 1.000000 1218 1.000000 -1
1217 1.000000 1218 1.000000 -1
1179 1.000000 1210 1.000000 1219 1.000000 -1
1161 1.000000 1172 1.000000 1215 1.000000 1220 1.000000 1221 1.000000 1229 1.000000 1230 1.000000 1235 1.000000 -1
1161 1.000000 1204 1.000000 1220 1.000000 1221 1.000000 -1
1164 1.000000 1222 1.000000 1233 1.000000 -1
1197 1.000000 1201 1.000000 1223 1.000000 1224 1.000000 -1
1223 1.000000 1224 1.000000 -1
1198 1.000000 1208 1.000000 1225 1.000000 1235 1.000000 -1
1169 1.000000 1179 1.000000 1226 1.000000 1237 1.000000 -1
1176 1.000000 1227 1.000000 1231 1.000000 1234 1.000000 -1
1164 1.000000 1204 1.000000 1228 1.000000 -1
391 1.000000 1172 1.000000 1183 1.000000 1220 1.000000 1229 1.000000 -1
1206 1.000000 1215 1.000000 1220 1.000000 1230 1.000000 -1
1106 1.000000 1112 1.000000 1167 1.000000 1227 1.000000 1231 1.000000 1232 1.000000 -1
1231 1.000000 1232 1.000000 -1
1204 1.000000 1222 1.000000 1233 1.000000 -1
1162 1.000000 1167 1.000000 1200 1.000000 1210 1.000000 1227 1.000000 1234 1.000000 -1
1160 1.000000 1183 1.000000 1220 1.000000 1225 1.000000 1235 1.000000 1236 1.000000 -1
923 1.000000 1203 1.000000 1235 1.000000 1236 1.000000 -1
1169 1.000000 1179 1.000000 1210 1.000000 1211 1.000000 1226 1.000000 1237 1.000000 -1
1208 1.000000 1211 1.000000 1216 1.000000 1238 1.000000 -1
1239 1.000000 1269 1.000000 1290 1.000000 -1
1240 1.000000 1241 1.000000 1248 1.000000 1257 1.000000 1267 1.000000 -1
1240 1.000000 1241 1.000000 1242 1.000000 1285 1.000000 1316 1.000000 -1
1088 1.000000 1241 1.000000 1242 1.000000 1255 1.000000 -1
1036 1.000000 1243 1.000000 1256 1.000000 1265 1.000000 1276 1.000000 1286 1.000000 1293 1.000000 -1
1244 1.000000 1280 1.000000 1287 1.000000 -1
1245 1.000000 1257 1.000000 1282 1.000000 -1
1246 1.000000 1247 1.000000 1266 1.000000 -1
1246 1.000000 1247 1.000000 1272 1.000000 -1
1240 1.000000 1248 1.000000 1254 1.000000 1270 1.000000 1283 1.000000 -1
1045 1.000000 1083 1.000000 1249 1.000000 1265 1.000000 1273 1.000000 -1
1250 1.000000 1251 1.000000 1252 1.000000 -1
1250 1.000000 1251 1.000000 1261 1.000000 -1
1250 1.000000 1252 1.000000 1254 1.000000 1273 1.000000 1274 1.000000 -1
1002 1.000000 1253 1.000000 1280 1.000000 1281 1.000000 -1
1248 1.000000 1252 1.000000 1254 1.000000 1255 1.000000 1274 1.000000 -1
1242 1.000000 1254 1.000000 1255 1.000000 -1
1243 1.000000 1256 1.000000 1279 1.000000 -1
1240 1.000000 1245 1.000000 1257 1.000000 1284 1.000000 -1
1004 1.000000 1258 1.000000 1284 1.000000 -1
1259 1.000000 1260 1.000000 1263 1.000000 1314 1.000000 -1
1259 1.000000 1260 1.000000 1278 1.000000 -1
1251 1.000000 1261 1.000000 1288 1.000000 -1
1051 1.000000 1262 1.000000 1263 1.000000 1264 1.000000 -1
1259 1.000000 1262 1.000000 1263 1.000000 -1
1262 1.000000 1264 1.000000 1268 1.000000 -1
1243 1.000000 1249 1.000000 1265 1.000000 -1
1246 1.000000 1266 1.000000 1290 1.000000 -1
1240 1.000000 1267 1.000000 1282 1.000000 -1
1264 1.000000 1268 1.000000 1288 1.000000 -1
1239 1.000000 1269 1.000000 -1
1248 1.000000 1270 1.000000 1277 1.000000 -1
1271 1.000000 1272 1.000000 1276 1.000000 -1
1073 1.000000 1247 1.000000 1271 1.000000 1272 1.000000 -1
1249 1.000000 1252 1.000000 1273 1.000000 1274 1.000000 -1
1087 1.000000 1252 1.000000 1254 1.000000 1273 1.000000 1274 1.000000 -1
1275 1.000000 1289 1.000000 1352 1.000000 -1
1243 1.000000 1271 1.000000 1276 1.000000 -1
1270 1.000000 1277 1.000000 1281 1.000000 -1
1260 1.000000 1278 1.000000 -1
1087 1.000000 1256 1.000000 1279 1.000000 -1
1244 1.000000 1253 1.000000 1280 1.000000 -1
1253 1.000000 1277 1.000000 1281 1.000000 1283 1.000000 -1
1245 1.000000 1267 1.000000 1282 1.000000 1286 1.000000 -1
1248 1.000000 1281 1.000000 1283 1.000000 -1
1257 1.000000 1258 1.000000 1284 1.000000 1285 1.000000 -1
1005 1.000000 1015 1.000000 1241 1.000000 1284 1.000000 1285 1.000000 1348 1.000000 -1
1243 1.000000 1282 1.000000 1286 1.000000 -1
1027 1.000000 1244 1.000000 1287 1.000000 1289 1.000000 -1
1261 1.000000 1268 1.000000 1288 1.000000 -1
1275 1.000000 1287 1.000000 1289 1.000000 -1
1239 1.000000 1266 1.000000 1290 1.000000 1291 1.000000 1292 1.000000 1293 1.000000 -1
1290 1.000000 1291 1.000000 -1
1036 1.000000 1290 1.000000 1292 1.000000 -1
1243 1.000000 1290 1.000000 1293 1.000000 -1
1294 1.000000 1314 1.000000 1327 1.000000 1334 1.000000 -1
1295 1.000000 1314 1.000000 1320 1.000000 -1
1296 1.000000 1333 1.000000 1336 1.000000 -1
1297 1.000000 1300 1.000000 1313 1.000000 1319 1.000000 -1
1298 1.000000 1303 1.000000 1324 1.000000 -1
1079 1.000000 1299 1.000000 1316 1.000000 -1
1297 1.000000 1300 1.000000 1302 1.000000 1322 1.000000 -1
1301 1.000000 1302 1.000000 -1
1079 1.000000 1300 1.000000 1301 1.000000 1302 1.000000 1326 1.000000 1331 1.000000 -1
1298 1.000000 1303 1.000000 1330 1.000000 -1
1304 1.000000 1309 1.000000 1325 1.000000 -1
1305 1.000000 1306 1.000000 -1
1009 1.000000 1305 1.000000 1306 1.000000 1334 1.000000 -1
1307 1.000000 1308 1.000000 1323 1.000000 -1
1307 1.000000 1308 1.000000 1309 1.000000 1310 1.000000 1407 1.000000 -1
1304 1.000000 1308 1.000000 1309 1.000000 1311 1.000000 -1
1308 1.000000 1310 1.000000 -1
1309 1.000000 1311 1.000000 -1
1312 1.000000 1321 1.000000 1322 1.000000 -1
1075 1.000000 1297 1.000000 1313 1.000000 -1
1259 1.000000 1294 1.000000 1295 1.000000 1314 1.000000 1316 1.000000 -1
1315 1.000000 1316 1.000000 -1
1241 1.000000 1299 1.000000 1314 1.000000 1315 1.000000 1316 1.000000 1317 1.000000 1335 1.000000 -1
1316 1.000000 1317 1.000000 -1
1318 1.000000 1323 1.000000 1331 1.000000 -1
1297 1.000000 1319 1.000000 -1
1295 1.000000 1320 1.000000 1327 1.000000 1329 1.000000 -1
1312 1.000000 1321 1.000000 1328 1.000000 -1
1300 1.000000 1312 1.000000 1322 1.000000 1324 1.000000 -1
1307 1.000000 1318 1.000000 1323 1.000000 -1
1298 1.000000 1322 1.000000 1324 1.000000 -1
145 1.000000 1304 1.000000 1325 1.000000 -1
1073 1.000000 1302 1.000000 1326 1.000000 -1
1294 1.000000 1320 1.000000 1327 1.000000 -1
1321 1.000000 1328 1.000000 1329 1.000000 -1
1320 1.000000 1328 1.000000 1329 1.000000 -1
1303 1.000000 1330 1.000000 1331 1.000000 -1
61 1.000000 1302 1.000000 1318 1.000000 1330 1.000000 1331 1.000000 -1
1332 1.000000 1335 1.000000 -1
1296 1.000000 1333 1.000000 -1
1294 1.000000 1306 1.000000 1334 1.000000 1356 1.000000 -1
1316 1.000000 1332 1.000000 1335 1.000000 1337 1.000000 -1
1296 1.000000 1336 1.000000 1337 1.000000 -1
1335 1.000000 1336 1.000000 1337 1.000000 -1
1338 1.000000 1339 1.000000 -1
422 1.000000 1338 1.000000 1339 1.000000 1347 1.000000 -1
1340 1.000000 1341 1.000000 1345 1.000000 -1
1340 1.000000 1341 1.000000 -1
1342 1.000000 1344 1.000000 1345 1.000000 -1
1343 1.000000 1344 1.000000 1346 1.000000 -1
429 1.000000 1342 1.000000 1343 1.000000 1344 1.000000 -1
1340 1.000000 1342 1.000000 1345 1.000000 -1
1343 1.000000 1346 1.000000 1349 1.000000 -1
1339 1.000000 1347 1.000000 1349 1.000000 -1
1285 1.000000 1348 1.000000 -1
1346 1.000000 1347 1.000000 1349 1.000000 -1
1350 1.000000 1352 1.000000 -1
1351 1.000000 1353 1.000000 -1
1275 1.000000 1350 1.000000 1352 1.000000 1353 1.000000 -1
1032 1.000000 1351 1.000000 1352 1.000000 1353 1.000000 -1
300 1.000000 404 1.000000 1354 1.000000 1355 1.000000 -1
1354 1.000000 1355 1.000000 1378 1.000000 -1
1334 1.000000 1356 1.000000 1421 1.000000 -1
1357 1.000000 1358 1.000000 1361 1.000000 1406 1.000000 1412 1.000000 1422 1.000000 -1
1357 1.000000 1358 1.000000 1393 1.000000 1415 1.000000 -1
1359 1.000000 1378 1.000000 1387 1.000000 -1
1360 1.000000 1412 1.000000 1414 1.000000 -1
1357 1.000000 1361 1.000000 1383 1.000000 -1
1362 1.000000 1363 1.000000 1415 1.000000 -1
1362 1.000000 1363 1.000000 1386 1.000000 1398 1.000000 1408 1.000000 1416 1.000000 -1
1364 1.000000 1366 1.000000 -1
1365 1.000000 1366 1.000000 -1
1364 1.000000 1365 1.000000 1366 1.000000 1381 1.000000 1409 1.000000 1421 1.000000 -1
1367 1.000000 1390 1.000000 1397 1.000000 -1
1368 1.000000 1386 1.000000 1408 1.000000 -1
1369 1.000000 1370 1.000000 1373 1.000000 1390 1.000000 1414 1.000000 -1
1369 1.000000 1370 1.000000 1371 1.000000 1372 1.000000 1417 1.000000 -1
1370 1.000000 1371 1.000000 -1
1370 1.000000 1372 1.000000 -1
1369 1.000000 1373 1.000000 -1
1374 1.000000 1375 1.000000 1381 1.000000 1388 1.000000 -1
1374 1.000000 1375 1.000000 -1
302 1.000000 321 1.000000 1376 1.000000 1378 1.000000 -1
1377 1.000000 1378 1.000000 1401 1.000000 1411 1.000000 -1
293 1.000000 1355 1.000000 1359 1.000000 1376 1.000000 1377 1.000000 1378 1.000000 1380 1.000000 1405 1.000000 1410 1.000000 -1
1379 1.000000 1380 1.000000 1391 1.000000 1399 1.000000 1419 1.000000 -1
1378 1.000000 1379 1.000000 1380 1.000000 -1
1366 1.000000 1374 1.000000 1381 1.000000 1382 1.000000 1397 1.000000 1413 1.000000 -1
1381 1.000000 1382 1.000000 -1
1361 1.000000 1383 1.000000 1422 1.000000 -1
1384 1.000000 1386 1.000000 -1
1385 1.000000 1386 1.000000 -1
1363 1.000000 1368 1.000000 1384 1.000000 1385 1.000000 1386 1.000000 1403 1.000000 -1
434 1.000000 1359 1.000000 1387 1.000000 -1
1374 1.000000 1388 1.000000 1414 1.000000 -1
290 1.000000 1389 1.000000 1422 1.000000 -1
1367 1.000000 1369 1.000000 1390 1.000000 1418 1.000000 -1
1379 1.000000 1391 1.000000 -1
1392 1.000000 1397 1.000000 1418 1.000000 -1
1000 1.000000 1358 1.000000 1393 1.000000 1394 1.000000 1395 1.000000 1396 1.000000 1420 1.000000 -1
1393 1.000000 1394 1.000000 -1
1393 1.000000 1395 1.000000 -1
1393 1.000000 1396 1.000000 -1
1367 1.000000 1381 1.000000 1392 1.000000 1397 1.000000 1398 1.000000 -1
1363 1.000000 1397 1.000000 1398 1.000000 1416 1.000000 -1
1379 1.000000 1399 1.000000 1419 1.000000 -1
1400 1.000000 1401 1.000000 -1
1377 1.000000 1400 1.000000 1401 1.000000 1411 1.000000 -1
1150 1.000000 1402 1.000000 1407 1.000000 -1
62 1.000000 1386 1.000000 1403 1.000000 -1
1404 1.000000 1414 1.000000 1418 1.000000 -1
1378 1.000000 1405 1.000000 1410 1.000000 -1
1357 1.000000 1406 1.000000 1414 1.000000 -1
1308 1.000000 1402 1.000000 1407 1.000000 1408 1.000000 -1
1363 1.000000 1368 1.000000 1407 1.000000 1408 1.000000 -1
1366 1.000000 1409 1.000000 1413 1.000000 -1
1378 1.000000 1405 1.000000 1410 1.000000 -1
1377 1.000000 1401 1.000000 1411 1.000000 -1
1357 1.000000 1360 1.000000 1412 1.000000 -1
1381 1.000000 1409 1.000000 1413 1.000000 -1
1360 1.000000 1369 1.000000 1388 1.000000 1404 1.000000 1406 1.000000 1414 1.000000 1415 1.000000 1416 1.000000 1417 1.000000 1418 1.000000 -1
1358 1.000000 1362 1.000000 1414 1.000000 1415 1.000000 -1
1363 1.000000 1398 1.000000 1414 1.000000 1416 1.000000 -1
1370 1.000000 1414 1.000000 1417 1.000000 -1
1390 1.000000 1392 1.000000 1404 1.000000 1414 1.000000 1418 1.000000 -1
1379 1.000000 1399 1.000000 1419 1.000000 1420 1.000000 1422 1.000000 -1
300 1.000000 1393 1.000000 1419 1.000000 1420 1.000000 -1
1356 1.000000 1366 1.000000 1421 1.000000 -1
1357 1.000000 1383 1.000000 1389 1.000000 1419 1.000000 1422 1.000000 -1
1423 1.000000 1424 1.000000 1425 1.000000 -1
1423 1.000000 1424 1.000000 1435 1.000000 -1
1423 1.000000 1425 1.000000 1440 1.000000 -1
1426 1.000000 1427 1.000000 1445 1.000000 1447 1.000000 1453 1.000000 -1
1426 1.000000 1427 1.000000 -1
1428 1.000000 1429 1.000000 -1
1428 1.000000 1429 1.000000 1432 1.000000 1442 1.000000 -1
253 1.000000 1430 1.000000 -1
1431 1.000000 1432 1.000000 1433 1.000000 -1
1429 1.000000 1431 1.000000 1432 1.000000 -1
1431 1.000000 1433 1.000000 -1
1434 1.000000 1435 1.000000 1436 1.000000 -1
276 1.000000 1424 1.000000 1434 1.000000 1435 1.000000 -1
277 1.000000 1434 1.000000 1436 1.000000 -1
1437 1.000000 1438 1.000000 -1
1437 1.000000 1438 1.000000 1440 1.000000 1454 1.000000 -1
1439 1.000000 1440 1.000000 -1
1425 1.000000 1438 1.000000 1439 1.000000 1440 1.000000 -1
283 1.000000 1441 1.000000 1443 1.000000 -1
1429 1.000000 1442 1.000000 1445 1.000000 -1
1441 1.000000 1443 1.000000 1444 1.000000 -1
1443 1.000000 1444 1.000000 -1
247 1.000000 1426 1.000000 1442 1.000000 1445 1.000000 1446 1.000000 1447 1.000000 -1
1445 1.000000 1446 1.000000 -1
1426 1.000000 1445 1.000000 1447 1.000000 1449 1.000000 -1
604 1.000000 1448 1.000000 1449 1.000000 1451 1.000000 -1
1447 1.000000 1448 1.000000 1449 1.000000 1450 1.000000 -1
1449 1.000000 1450 1.000000 -1
1448 1.000000 1451 1.000000 1452 1.000000 1453 1.000000 -1
1451 1.000000 1452 1.000000 -1
1426 1.000000 1451 1.000000 1453 1.000000 1454 1.000000 -1
1438 1.000000 1453 1.000000 1454 1.000000 -1
