443 443
1 1.000000 281 1.000000 353 1.000000 -1
2 1.000000 3 1.000000 435 1.000000 437 1.000000 -1
2 1.000000 3 1.000000 4 1.000000 5 1.000000 -1
3 1.000000 4 1.000000 -1
3 1.000000 5 1.000000 -1
6 1.000000 10 1.000000 -1
7 1.000000 10 1.000000 -1
8 1.000000 9 1.000000 -1
8 1.000000 9 1.000000 20 1.000000 39 1.000000 -1
6 1.000000 7 1.000000 10 1.000000 20 1.000000 214 1.000000 -1
11 1.000000 108 1.000000 350 1.000000 -1
12 1.000000 177 1.000000 259 1.000000 -1
13 1.000000 202 1.000000 428 1.000000 -1
14 1.000000 16 1.000000 -1
15 1.000000 16 1.000000 52 1.000000 301 1.000000 -1
14 1.000000 15 1.000000 16 1.000000 266 1.000000 300 1.000000 -1
17 1.000000 28 1.000000 434 1.000000 -1
18 1.000000 206 1.000000 -1
19 1.000000 268 1.000000 272 1.000000 -1
9 1.000000 10 1.000000 20 1.000000 93 1.000000 185 1.000000 -1
21 1.000000 32 1.000000 289 1.000000 -1
22 1.000000 23 1.000000 400 1.000000 -1
22 1.000000 23 1.000000 24 1.000000 266 1.000000 -1
23 1.000000 24 1.000000 415 1.000000 -1
25 1.000000 26 1.000000 -1
25 1.000000 26 1.000000 202 1.000000 299 1.000000 364 1.000000 424 1.000000 -1
27 1.000000 140 1.000000 175 1.000000 243 1.000000 270 1.000000 -1
17 1.000000 28 1.000000 201 1.000000 241 1.000000 308 1.000000 441 1.000000 -1
29 1.000000 112 1.000000 270 1.000000 -1
30 1.000000 177 1.000000 267 1.000000 284 1.000000 -1
31 1.000000 115 1.000000 188 1.000000 -1
21 1.000000 32 1.000000 194 1.000000 -1
33 1.000000 253 1.000000 289 1.000000 -1
34 1.000000 111 1.000000 163 1.000000 210 1.000000 -1
35 1.000000 98 1.000000 206 1.000000 -1
36 1.000000 94 1.000000 431 1.000000 -1
37 1.000000 38 1.000000 133 1.000000 306 1.000000 387 1.000000 395 1.000000 -1
37 1.000000 38 1.000000 -1
9 1.000000 39 1.000000 71 1.000000 214 1.000000 256 1.000000 -1
40 1.000000 382 1.000000 -1
41 1.000000 221 1.000000 222 1.000000 317 1.000000 336 1.000000 -1
42 1.000000 43 1.000000 -1
42 1.000000 43 1.000000 44 1.000000 184 1.000000 -1
43 1.000000 44 1.000000 45 1.000000 108 1.000000 290 1.000000 291 1.000000 -1
44 1.000000 45 1.000000 46 1.000000 47 1.000000 48 1.000000 49 1.000000 66 1.000000 339 1.000000 -1
45 1.000000 46 1.000000 -1
45 1.000000 47 1.000000 -1
45 1.000000 48 1.000000 -1
45 1.000000 49 1.000000 -1
50 1.000000 51 1.000000 89 1.000000 242 1.000000 -1
50 1.000000 51 1.000000 161 1.000000 243 1.000000 -1
15 1.000000 52 1.000000 65 1.000000 -1
53 1.000000 184 1.000000 423 1.000000 -1
54 1.000000 55 1.000000 56 1.000000 176 1.000000 -1
54 1.000000 55 1.000000 -1
54 1.000000 56 1.000000 -1
57 1.000000 94 1.000000 403 1.000000 -1
58 1.000000 59 1.000000 60 1.000000 61 1.000000 -1
58 1.000000 59 1.000000 61 1.000000 85 1.000000 186 1.000000 257 1.000000 280 1.000000 -1
58 1.000000 60 1.000000 -1
58 1.000000 59 1.000000 61 1.000000 216 1.000000 -1
62 1.000000 66 1.000000 -1
63 1.000000 66 1.000000 -1
64 1.000000 66 1.000000 -1
52 1.000000 65 1.000000 245 1.000000 -1
45 1.000000 62 1.000000 63 1.000000 64 1.000000 66 1.000000 339 1.000000 363 1.000000 -1
67 1.000000 99 1.000000 191 1.000000 213 1.000000 -1
68 1.000000 69 1.000000 -1
68 1.000000 69 1.000000 136 1.000000 142 1.000000 211 1.000000 271 1.000000 -1
70 1.000000 286 1.000000 412 1.000000 -1
39 1.000000 71 1.000000 93 1.000000 182 1.000000 193 1.000000 -1
72 1.000000 73 1.000000 169 1.000000 326 1.000000 430 1.000000 -1
72 1.000000 73 1.000000 250 1.000000 -1
74 1.000000 75 1.000000 165 1.000000 411 1.000000 -1
74 1.000000 75 1.000000 -1
76 1.000000 127 1.000000 300 1.000000 -1
77 1.000000 164 1.000000 353 1.000000 -1
78 1.000000 89 1.000000 144 1.000000 287 1.000000 -1
79 1.000000 281 1.000000 353 1.000000 -1
80 1.000000 240 1.000000 312 1.000000 321 1.000000 414 1.000000 -1
81 1.000000 187 1.000000 270 1.000000 -1
82 1.000000 83 1.000000 -1
82 1.000000 83 1.000000 163 1.000000 169 1.000000 -1
84 1.000000 214 1.000000 268 1.000000 394 1.000000 -1
59 1.000000 85 1.000000 86 1.000000 -1
85 1.000000 86 1.000000 -1
87 1.000000 95 1.000000 180 1.000000 183 1.000000 -1
88 1.000000 117 1.000000 192 1.000000 435 1.000000 -1
50 1.000000 78 1.000000 89 1.000000 90 1.000000 144 1.000000 242 1.000000 -1
89 1.000000 90 1.000000 161 1.000000 243 1.000000 288 1.000000 -1
91 1.000000 92 1.000000 199 1.000000 210 1.000000 -1
91 1.000000 92 1.000000 200 1.000000 208 1.000000 223 1.000000 224 1.000000 -1
20 1.000000 71 1.000000 93 1.000000 157 1.000000 171 1.000000 -1
36 1.000000 57 1.000000 94 1.000000 323 1.000000 -1
87 1.000000 95 1.000000 96 1.000000 97 1.000000 -1
95 1.000000 96 1.000000 -1
95 1.000000 97 1.000000 -1
35 1.000000 98 1.000000 -1
67 1.000000 99 1.000000 123 1.000000 -1
100 1.000000 101 1.000000 102 1.000000 221 1.000000 264 1.000000 326 1.000000 430 1.000000 -1
100 1.000000 101 1.000000 -1
100 1.000000 102 1.000000 -1
103 1.000000 107 1.000000 -1
104 1.000000 108 1.000000 -1
105 1.000000 109 1.000000 -1
106 1.000000 107 1.000000 -1
103 1.000000 106 1.000000 107 1.000000 108 1.000000 -1
11 1.000000 44 1.000000 104 1.000000 107 1.000000 108 1.000000 109 1.000000 328 1.000000 434 1.000000 -1
105 1.000000 108 1.000000 109 1.000000 223 1.000000 -1
110 1.000000 153 1.000000 228 1.000000 313 1.000000 -1
34 1.000000 111 1.000000 271 1.000000 -1
29 1.000000 112 1.000000 113 1.000000 114 1.000000 175 1.000000 -1
112 1.000000 113 1.000000 115 1.000000 -1
112 1.000000 114 1.000000 443 1.000000 -1
31 1.000000 113 1.000000 115 1.000000 349 1.000000 -1
116 1.000000 374 1.000000 377 1.000000 -1
88 1.000000 117 1.000000 123 1.000000 -1
118 1.000000 119 1.000000 153 1.000000 234 1.000000 389 1.000000 -1
118 1.000000 119 1.000000 338 1.000000 401 1.000000 -1
120 1.000000 121 1.000000 182 1.000000 -1
120 1.000000 121 1.000000 394 1.000000 428 1.000000 -1
122 1.000000 366 1.000000 372 1.000000 397 1.000000 -1
99 1.000000 117 1.000000 123 1.000000 -1
124 1.000000 125 1.000000 231 1.000000 -1
124 1.000000 125 1.000000 126 1.000000 -1
125 1.000000 126 1.000000 141 1.000000 201 1.000000 362 1.000000 415 1.000000 -1
76 1.000000 127 1.000000 231 1.000000 -1
128 1.000000 397 1.000000 -1
129 1.000000 130 1.000000 371 1.000000 -1
129 1.000000 130 1.000000 -1
131 1.000000 385 1.000000 -1
132 1.000000 188 1.000000 271 1.000000 -1
37 1.000000 133 1.000000 134 1.000000 135 1.000000 262 1.000000 306 1.000000 -1
133 1.000000 134 1.000000 292 1.000000 -1
133 1.000000 135 1.000000 294 1.000000 -1
69 1.000000 136 1.000000 271 1.000000 -1
137 1.000000 301 1.000000 402 1.000000 -1
138 1.000000 139 1.000000 311 1.000000 365 1.000000 376 1.000000 377 1.000000 -1
138 1.000000 139 1.000000 -1
27 1.000000 140 1.000000 270 1.000000 -1
126 1.000000 141 1.000000 201 1.000000 -1
69 1.000000 142 1.000000 298 1.000000 -1
143 1.000000 180 1.000000 193 1.000000 -1
78 1.000000 89 1.000000 144 1.000000 -1
145 1.000000 146 1.000000 -1
145 1.000000 146 1.000000 211 1.000000 -1
147 1.000000 148 1.000000 154 1.000000 425 1.000000 -1
147 1.000000 148 1.000000 207 1.000000 398 1.000000 -1
149 1.000000 150 1.000000 -1
149 1.000000 150 1.000000 210 1.000000 -1
151 1.000000 152 1.000000 -1
151 1.000000 152 1.000000 210 1.000000 -1
110 1.000000 118 1.000000 153 1.000000 155 1.000000 156 1.000000 234 1.000000 -1
147 1.000000 154 1.000000 -1
153 1.000000 155 1.000000 -1
153 1.000000 156 1.000000 -1
93 1.000000 157 1.000000 158 1.000000 159 1.000000 -1
157 1.000000 158 1.000000 -1
157 1.000000 159 1.000000 -1
160 1.000000 161 1.000000 -1
51 1.000000 90 1.000000 160 1.000000 161 1.000000 -1
162 1.000000 163 1.000000 -1
34 1.000000 83 1.000000 162 1.000000 163 1.000000 -1
77 1.000000 164 1.000000 165 1.000000 167 1.000000 235 1.000000 346 1.000000 353 1.000000 414 1.000000 -1
74 1.000000 164 1.000000 165 1.000000 166 1.000000 -1
165 1.000000 166 1.000000 -1
164 1.000000 167 1.000000 -1
168 1.000000 169 1.000000 -1
72 1.000000 83 1.000000 168 1.000000 169 1.000000 -1
170 1.000000 191 1.000000 253 1.000000 -1
93 1.000000 171 1.000000 331 1.000000 -1
172 1.000000 221 1.000000 430 1.000000 -1
173 1.000000 265 1.000000 -1
174 1.000000 232 1.000000 402 1.000000 -1
27 1.000000 112 1.000000 175 1.000000 288 1.000000 -1
54 1.000000 176 1.000000 199 1.000000 -1
12 1.000000 30 1.000000 177 1.000000 178 1.000000 179 1.000000 227 1.000000 267 1.000000 329 1.000000 338 1.000000 349 1.000000 -1
177 1.000000 178 1.000000 250 1.000000 -1
177 1.000000 179 1.000000 -1
87 1.000000 143 1.000000 180 1.000000 182 1.000000 183 1.000000 302 1.000000 -1
181 1.000000 305 1.000000 322 1.000000 -1
71 1.000000 120 1.000000 180 1.000000 182 1.000000 309 1.000000 -1
87 1.000000 180 1.000000 183 1.000000 -1
43 1.000000 53 1.000000 184 1.000000 -1
20 1.000000 185 1.000000 427 1.000000 -1
59 1.000000 186 1.000000 187 1.000000 188 1.000000 206 1.000000 -1
81 1.000000 186 1.000000 187 1.000000 -1
31 1.000000 132 1.000000 186 1.000000 188 1.000000 190 1.000000 227 1.000000 259 1.000000 390 1.000000 435 1.000000 -1
189 1.000000 190 1.000000 212 1.000000 -1
188 1.000000 189 1.000000 190 1.000000 -1
67 1.000000 170 1.000000 191 1.000000 253 1.000000 273 1.000000 -1
88 1.000000 192 1.000000 273 1.000000 -1
71 1.000000 143 1.000000 193 1.000000 214 1.000000 302 1.000000 -1
32 1.000000 194 1.000000 392 1.000000 412 1.000000 -1
195 1.000000 196 1.000000 197 1.000000 198 1.000000 -1
195 1.000000 196 1.000000 200 1.000000 429 1.000000 -1
195 1.000000 197 1.000000 -1
195 1.000000 198 1.000000 -1
91 1.000000 176 1.000000 199 1.000000 200 1.000000 -1
92 1.000000 196 1.000000 199 1.000000 200 1.000000 220 1.000000 224 1.000000 337 1.000000 426 1.000000 429 1.000000 -1
28 1.000000 126 1.000000 141 1.000000 201 1.000000 308 1.000000 -1
13 1.000000 26 1.000000 202 1.000000 272 1.000000 364 1.000000 424 1.000000 -1
203 1.000000 204 1.000000 -1
203 1.000000 204 1.000000 314 1.000000 -1
205 1.000000 400 1.000000 408 1.000000 -1
18 1.000000 35 1.000000 186 1.000000 206 1.000000 349 1.000000 -1
148 1.000000 207 1.000000 208 1.000000 211 1.000000 398 1.000000 -1
92 1.000000 207 1.000000 208 1.000000 236 1.000000 426 1.000000 -1
209 1.000000 328 1.000000 362 1.000000 -1
34 1.000000 91 1.000000 150 1.000000 152 1.000000 210 1.000000 211 1.000000 -1
69 1.000000 146 1.000000 207 1.000000 210 1.000000 211 1.000000 212 1.000000 -1
189 1.000000 211 1.000000 212 1.000000 -1
67 1.000000 213 1.000000 258 1.000000 -1
10 1.000000 39 1.000000 84 1.000000 193 1.000000 214 1.000000 309 1.000000 432 1.000000 -1
215 1.000000 216 1.000000 217 1.000000 -1
61 1.000000 215 1.000000 216 1.000000 283 1.000000 401 1.000000 -1
215 1.000000 217 1.000000 -1
218 1.000000 282 1.000000 285 1.000000 -1
219 1.000000 315 1.000000 429 1.000000 -1
200 1.000000 220 1.000000 221 1.000000 222 1.000000 337 1.000000 -1
41 1.000000 100 1.000000 172 1.000000 220 1.000000 221 1.000000 256 1.000000 264 1.000000 430 1.000000 432 1.000000 -1
41 1.000000 220 1.000000 222 1.000000 430 1.000000 -1
92 1.000000 109 1.000000 223 1.000000 236 1.000000 436 1.000000 -1
92 1.000000 200 1.000000 224 1.000000 225 1.000000 226 1.000000 -1
224 1.000000 225 1.000000 -1
224 1.000000 226 1.000000 -1
177 1.000000 188 1.000000 227 1.000000 -1
110 1.000000 228 1.000000 282 1.000000 -1
229 1.000000 289 1.000000 392 1.000000 -1
230 1.000000 260 1.000000 268 1.000000 314 1.000000 327 1.000000 -1
124 1.000000 127 1.000000 231 1.000000 -1
174 1.000000 232 1.000000 297 1.000000 -1
233 1.000000 234 1.000000 -1
118 1.000000 153 1.000000 233 1.000000 234 1.000000 -1
164 1.000000 235 1.000000 322 1.000000 410 1.000000 433 1.000000 -1
208 1.000000 223 1.000000 236 1.000000 237 1.000000 238 1.000000 239 1.000000 436 1.000000 -1
236 1.000000 237 1.000000 -1
236 1.000000 238 1.000000 -1
236 1.000000 239 1.000000 -1
80 1.000000 240 1.000000 305 1.000000 -1
28 1.000000 241 1.000000 -1
50 1.000000 89 1.000000 242 1.000000 243 1.000000 -1
27 1.000000 51 1.000000 90 1.000000 242 1.000000 243 1.000000 -1
244 1.000000 246 1.000000 328 1.000000 434 1.000000 -1
65 1.000000 245 1.000000 408 1.000000 -1
244 1.000000 246 1.000000 255 1.000000 -1
247 1.000000 250 1.000000 -1
248 1.000000 250 1.000000 -1
249 1.000000 250 1.000000 -1
73 1.000000 178 1.000000 247 1.000000 248 1.000000 249 1.000000 250 1.000000 325 1.000000 436 1.000000 -1
251 1.000000 340 1.000000 404 1.000000 -1
252 1.000000 254 1.000000 -1
33 1.000000 170 1.000000 191 1.000000 253 1.000000 254 1.000000 289 1.000000 -1
252 1.000000 253 1.000000 254 1.000000 -1
246 1.000000 255 1.000000 328 1.000000 396 1.000000 -1
39 1.000000 221 1.000000 256 1.000000 432 1.000000 -1
59 1.000000 257 1.000000 347 1.000000 408 1.000000 -1
213 1.000000 258 1.000000 392 1.000000 -1
12 1.000000 188 1.000000 259 1.000000 437 1.000000 -1
230 1.000000 260 1.000000 261 1.000000 327 1.000000 -1
260 1.000000 261 1.000000 -1
133 1.000000 262 1.000000 263 1.000000 -1
262 1.000000 263 1.000000 -1
100 1.000000 221 1.000000 264 1.000000 -1
173 1.000000 265 1.000000 266 1.000000 -1
16 1.000000 23 1.000000 265 1.000000 266 1.000000 -1
30 1.000000 177 1.000000 267 1.000000 -1
19 1.000000 84 1.000000 230 1.000000 268 1.000000 272 1.000000 314 1.000000 394 1.000000 428 1.000000 -1
269 1.000000 270 1.000000 -1
27 1.000000 29 1.000000 81 1.000000 140 1.000000 269 1.000000 270 1.000000 271 1.000000 -1
69 1.000000 111 1.000000 132 1.000000 136 1.000000 270 1.000000 271 1.000000 -1
19 1.000000 202 1.000000 268 1.000000 272 1.000000 -1
191 1.000000 192 1.000000 273 1.000000 275 1.000000 -1
274 1.000000 278 1.000000 -1
273 1.000000 275 1.000000 278 1.000000 279 1.000000 -1
276 1.000000 278 1.000000 279 1.000000 -1
277 1.000000 279 1.000000 -1
274 1.000000 275 1.000000 276 1.000000 278 1.000000 -1
275 1.000000 276 1.000000 277 1.000000 279 1.000000 -1
59 1.000000 280 1.000000 -1
1 1.000000 79 1.000000 281 1.000000 353 1.000000 -1
218 1.000000 228 1.000000 282 1.000000 340 1.000000 -1
216 1.000000 283 1.000000 284 1.000000 289 1.000000 296 1.000000 435 1.000000 -1
30 1.000000 283 1.000000 284 1.000000 289 1.000000 435 1.000000 -1
218 1.000000 285 1.000000 341 1.000000 -1
70 1.000000 286 1.000000 435 1.000000 -1
78 1.000000 287 1.000000 288 1.000000 -1
90 1.000000 175 1.000000 287 1.000000 288 1.000000 440 1.000000 -1
21 1.000000 33 1.000000 229 1.000000 253 1.000000 283 1.000000 284 1.000000 289 1.000000 290 1.000000 291 1.000000 -1
44 1.000000 289 1.000000 290 1.000000 -1
44 1.000000 289 1.000000 291 1.000000 -1
134 1.000000 292 1.000000 293 1.000000 294 1.000000 -1
292 1.000000 293 1.000000 -1
135 1.000000 292 1.000000 294 1.000000 295 1.000000 -1
294 1.000000 295 1.000000 -1
283 1.000000 296 1.000000 298 1.000000 438 1.000000 -1
232 1.000000 297 1.000000 393 1.000000 -1
142 1.000000 296 1.000000 298 1.000000 -1
26 1.000000 299 1.000000 424 1.000000 -1
16 1.000000 76 1.000000 300 1.000000 -1
15 1.000000 137 1.000000 301 1.000000 -1
180 1.000000 193 1.000000 302 1.000000 303 1.000000 304 1.000000 -1
302 1.000000 303 1.000000 -1
302 1.000000 304 1.000000 -1
181 1.000000 240 1.000000 305 1.000000 433 1.000000 -1
37 1.000000 133 1.000000 306 1.000000 307 1.000000 381 1.000000 387 1.000000 395 1.000000 405 1.000000 420 1.000000 -1
306 1.000000 307 1.000000 391 1.000000 426 1.000000 -1
28 1.000000 201 1.000000 308 1.000000 -1
182 1.000000 214 1.000000 309 1.000000 310 1.000000 428 1.000000 -1
309 1.000000 310 1.000000 429 1.000000 -1
138 1.000000 311 1.000000 365 1.000000 376 1.000000 -1
80 1.000000 312 1.000000 414 1.000000 -1
110 1.000000 313 1.000000 -1
204 1.000000 230 1.000000 268 1.000000 314 1.000000 -1
219 1.000000 315 1.000000 316 1.000000 391 1.000000 429 1.000000 -1
315 1.000000 316 1.000000 -1
41 1.000000 317 1.000000 318 1.000000 319 1.000000 320 1.000000 331 1.000000 336 1.000000 -1
317 1.000000 318 1.000000 -1
317 1.000000 319 1.000000 -1
317 1.000000 320 1.000000 -1
80 1.000000 321 1.000000 414 1.000000 -1
181 1.000000 235 1.000000 322 1.000000 -1
94 1.000000 323 1.000000 325 1.000000 348 1.000000 399 1.000000 -1
324 1.000000 325 1.000000 354 1.000000 -1
250 1.000000 323 1.000000 324 1.000000 325 1.000000 339 1.000000 -1
72 1.000000 100 1.000000 326 1.000000 430 1.000000 -1
230 1.000000 260 1.000000 327 1.000000 -1
108 1.000000 209 1.000000 244 1.000000 255 1.000000 328 1.000000 342 1.000000 343 1.000000 344 1.000000 345 1.000000 -1
177 1.000000 329 1.000000 330 1.000000 401 1.000000 -1
329 1.000000 330 1.000000 -1
171 1.000000 317 1.000000 331 1.000000 -1
332 1.000000 335 1.000000 384 1.000000 -1
333 1.000000 334 1.000000 382 1.000000 -1
333 1.000000 334 1.000000 -1
332 1.000000 335 1.000000 -1
41 1.000000 317 1.000000 336 1.000000 337 1.000000 427 1.000000 -1
200 1.000000 220 1.000000 336 1.000000 337 1.000000 -1
119 1.000000 177 1.000000 338 1.000000 339 1.000000 340 1.000000 341 1.000000 403 1.000000 -1
45 1.000000 66 1.000000 325 1.000000 338 1.000000 339 1.000000 -1
251 1.000000 282 1.000000 338 1.000000 340 1.000000 -1
285 1.000000 338 1.000000 341 1.000000 393 1.000000 -1
328 1.000000 342 1.000000 -1
328 1.000000 343 1.000000 -1
328 1.000000 344 1.000000 -1
328 1.000000 345 1.000000 -1
164 1.000000 346 1.000000 410 1.000000 -1
257 1.000000 347 1.000000 348 1.000000 -1
323 1.000000 347 1.000000 348 1.000000 403 1.000000 -1
115 1.000000 177 1.000000 206 1.000000 349 1.000000 399 1.000000 431 1.000000 -1
11 1.000000 350 1.000000 434 1.000000 -1
351 1.000000 353 1.000000 354 1.000000 357 1.000000 -1
352 1.000000 353 1.000000 354 1.000000 358 1.000000 -1
1 1.000000 77 1.000000 79 1.000000 164 1.000000 281 1.000000 351 1.000000 352 1.000000 353 1.000000 388 1.000000 -1
324 1.000000 351 1.000000 352 1.000000 354 1.000000 415 1.000000 439 1.000000 -1
355 1.000000 388 1.000000 -1
356 1.000000 388 1.000000 -1
351 1.000000 357 1.000000 -1
352 1.000000 358 1.000000 -1
359 1.000000 362 1.000000 -1
360 1.000000 362 1.000000 -1
361 1.000000 396 1.000000 -1
126 1.000000 209 1.000000 359 1.000000 360 1.000000 362 1.000000 363 1.000000 -1
66 1.000000 362 1.000000 363 1.000000 -1
26 1.000000 202 1.000000 364 1.000000 -1
138 1.000000 311 1.000000 365 1.000000 377 1.000000 -1
122 1.000000 366 1.000000 367 1.000000 369 1.000000 370 1.000000 -1
366 1.000000 367 1.000000 425 1.000000 -1
368 1.000000 369 1.000000 426 1.000000 -1
366 1.000000 368 1.000000 369 1.000000 376 1.000000 -1
366 1.000000 370 1.000000 371 1.000000 385 1.000000 397 1.000000 -1
129 1.000000 370 1.000000 371 1.000000 -1
122 1.000000 372 1.000000 378 1.000000 383 1.000000 384 1.000000 -1
373 1.000000 374 1.000000 380 1.000000 -1
116 1.000000 373 1.000000 374 1.000000 375 1.000000 377 1.000000 379 1.000000 405 1.000000 420 1.000000 -1
374 1.000000 375 1.000000 426 1.000000 -1
138 1.000000 311 1.000000 369 1.000000 376 1.000000 377 1.000000 -1
116 1.000000 138 1.000000 365 1.000000 374 1.000000 376 1.000000 377 1.000000 -1
372 1.000000 378 1.000000 380 1.000000 -1
374 1.000000 379 1.000000 380 1.000000 -1
373 1.000000 378 1.000000 379 1.000000 380 1.000000 -1
306 1.000000 381 1.000000 387 1.000000 -1
40 1.000000 333 1.000000 382 1.000000 383 1.000000 387 1.000000 -1
372 1.000000 382 1.000000 383 1.000000 386 1.000000 -1
332 1.000000 372 1.000000 384 1.000000 -1
131 1.000000 370 1.000000 385 1.000000 -1
383 1.000000 386 1.000000 387 1.000000 -1
37 1.000000 306 1.000000 381 1.000000 382 1.000000 386 1.000000 387 1.000000 -1
353 1.000000 355 1.000000 356 1.000000 388 1.000000 -1
118 1.000000 389 1.000000 -1
188 1.000000 390 1.000000 435 1.000000 -1
307 1.000000 315 1.000000 391 1.000000 406 1.000000 -1
194 1.000000 229 1.000000 258 1.000000 392 1.000000 -1
297 1.000000 341 1.000000 393 1.000000 404 1.000000 -1
84 1.000000 121 1.000000 268 1.000000 394 1.000000 395 1.000000 -1
37 1.000000 306 1.000000 394 1.000000 395 1.000000 -1
255 1.000000 361 1.000000 396 1.000000 -1
122 1.000000 128 1.000000 370 1.000000 397 1.000000 -1
148 1.000000 207 1.000000 398 1.000000 -1
323 1.000000 349 1.000000 399 1.000000 -1
22 1.000000 205 1.000000 400 1.000000 -1
119 1.000000 216 1.000000 329 1.000000 401 1.000000 -1
137 1.000000 174 1.000000 402 1.000000 403 1.000000 -1
57 1.000000 338 1.000000 348 1.000000 402 1.000000 403 1.000000 -1
251 1.000000 393 1.000000 404 1.000000 -1
306 1.000000 374 1.000000 405 1.000000 406 1.000000 -1
391 1.000000 405 1.000000 406 1.000000 -1
407 1.000000 409 1.000000 410 1.000000 411 1.000000 -1
205 1.000000 245 1.000000 257 1.000000 408 1.000000 -1
407 1.000000 409 1.000000 -1
235 1.000000 346 1.000000 407 1.000000 410 1.000000 -1
74 1.000000 407 1.000000 411 1.000000 -1
70 1.000000 194 1.000000 412 1.000000 -1
413 1.000000 417 1.000000 -1
80 1.000000 164 1.000000 312 1.000000 321 1.000000 414 1.000000 417 1.000000 418 1.000000 -1
24 1.000000 126 1.000000 354 1.000000 415 1.000000 417 1.000000 418 1.000000 -1
416 1.000000 418 1.000000 -1
413 1.000000 414 1.000000 415 1.000000 417 1.000000 -1
414 1.000000 415 1.000000 416 1.000000 418 1.000000 -1
419 1.000000 420 1.000000 421 1.000000 422 1.000000 -1
306 1.000000 374 1.000000 419 1.000000 420 1.000000 -1
419 1.000000 421 1.000000 -1
419 1.000000 422 1.000000 -1
53 1.000000 423 1.000000 438 1.000000 -1
26 1.000000 202 1.000000 299 1.000000 424 1.000000 -1
147 1.000000 367 1.000000 425 1.000000 426 1.000000 -1
200 1.000000 208 1.000000 307 1.000000 368 1.000000 375 1.000000 425 1.000000 426 1.000000 -1
185 1.000000 336 1.000000 427 1.000000 -1
13 1.000000 121 1.000000 268 1.000000 309 1.000000 428 1.000000 429 1.000000 -1
196 1.000000 200 1.000000 219 1.000000 310 1.000000 315 1.000000 428 1.000000 429 1.000000 -1
72 1.000000 100 1.000000 172 1.000000 221 1.000000 222 1.000000 326 1.000000 430 1.000000 -1
36 1.000000 349 1.000000 431 1.000000 -1
214 1.000000 221 1.000000 256 1.000000 432 1.000000 -1
235 1.000000 305 1.000000 433 1.000000 -1
17 1.000000 108 1.000000 244 1.000000 350 1.000000 434 1.000000 -1
2 1.000000 88 1.000000 188 1.000000 283 1.000000 284 1.000000 286 1.000000 390 1.000000 435 1.000000 436 1.000000 -1
223 1.000000 236 1.000000 250 1.000000 435 1.000000 436 1.000000 439 1.000000 -1
2 1.000000 259 1.000000 437 1.000000 -1
296 1.000000 423 1.000000 438 1.000000 -1
354 1.000000 436 1.000000 439 1.000000 -1
288 1.000000 440 1.000000 442 1.000000 -1
28 1.000000 441 1.000000 -1
440 1.000000 442 1.000000 443 1.000000 -1
114 1.000000 442 1.000000 443 1.000000 -1
